
***** GLOBAL STATISTICS (     1 MPI TASKS) *****

$Id: gptl.c,v 1.157 2011-03-28 20:55:18 rosinski Exp $
'count' is cumulative. All other stats are max/min
'on' indicates whether the timer was active during output, and so stats are lower or upper bounds.

name                          on  processes  threads        count      walltotal   wallmax (proc   thrd  )   wallmin (proc   thrd  )
"CPL:INIT"                     -          1        1 1.000000e+00   6.507978e+00     6.508 (     0      0)     6.508 (     0      0)
"CPL:cime_pre_init1"           -          1        1 1.000000e+00   1.012117e-01     0.101 (     0      0)     0.101 (     0      0)
"CPL:mpi_init"                 -          1        1 1.000000e+00   2.000000e-04     0.000 (     0      0)     0.000 (     0      0)
"CPL:ESMF_Initialize"          -          1        1 1.000000e+00   4.510008e-02     0.045 (     0      0)     0.045 (     0      0)
"CPL:cime_pre_init2"           -          1        1 1.000000e+00   1.391760e-02     0.014 (     0      0)     0.014 (     0      0)
"CPL:cime_init"                -          1        1 1.000000e+00   6.347730e+00     6.348 (     0      0)     6.348 (     0      0)
"CPL:init_comps"               -          1        1 1.000000e+00   6.346450e+00     6.346 (     0      0)     6.346 (     0      0)
"CPL:comp_init_pre_all"        -          1        1 1.000000e+00   6.512320e-05     0.000 (     0      0)     0.000 (     0      0)
"CPL:comp_init_cc_atm"         -          1        1 1.000000e+00   5.074753e+00     5.075 (     0      0)     5.075 (     0      0)
"CPL:comp_init_cc_lnd"         -          1        1 1.000000e+00   1.271030e+00     1.271 (     0      0)     1.271 (     0      0)
"CPL:comp_init_cc_rof"         -          1        1 1.000000e+00   3.604288e-05     0.000 (     0      0)     0.000 (     0      0)
"CPL:comp_init_cc_ocn"         -          1        1 1.000000e+00   1.891004e-05     0.000 (     0      0)     0.000 (     0      0)
"CPL:comp_init_cc_ice"         -          1        1 1.000000e+00   1.504202e-05     0.000 (     0      0)     0.000 (     0      0)
"CPL:comp_init_cc_glc"         -          1        1 1.000000e+00   9.824056e-06     0.000 (     0      0)     0.000 (     0      0)
"CPL:comp_init_cc_wav"         -          1        1 1.000000e+00   1.000799e-05     0.000 (     0      0)     0.000 (     0      0)
"CPL:comp_init_cc_esp"         -          1        1 1.000000e+00   9.092037e-06     0.000 (     0      0)     0.000 (     0      0)
"comp_init_cc_iac"             -          1        1 1.000000e+00   9.645941e-06     0.000 (     0      0)     0.000 (     0      0)
"CPL:comp_init_cx_all"         -          1        1 1.000000e+00   4.218370e-04     0.000 (     0      0)     0.000 (     0      0)
"CPL:comp_list_all"            -          1        1 1.000000e+00   1.820386e-05     0.000 (     0      0)     0.000 (     0      0)
"CPL:init_maps"                -          1        1 1.000000e+00   3.255468e-04     0.000 (     0      0)     0.000 (     0      0)
"CPL:init_aream"               -          1        1 1.000000e+00   1.644506e-05     0.000 (     0      0)     0.000 (     0      0)
"CPL:init_domain_check"        -          1        1 1.000000e+00   1.760721e-04     0.000 (     0      0)     0.000 (     0      0)
"CPL:init_areacor"             -          1        1 1.000000e+00   1.439941e-04     0.000 (     0      0)     0.000 (     0      0)
"CPL:init_fracs"               -          1        1 1.000000e+00   1.809921e-04     0.000 (     0      0)     0.000 (     0      0)
"CPL:init_readrestart"         -          1        1 1.000000e+00   6.017205e-05     0.000 (     0      0)     0.000 (     0      0)
"CPL:cime_run_init"            -          1        1 1.000000e+00   1.738393e-02     0.017 (     0      0)     0.017 (     0      0)
"CPL:INIT_sync1_tprf"          -          1        1 1.000000e+00   8.260831e-07     0.000 (     0      0)     0.000 (     0      0)
"CPL:INIT_t_prf"               -          1        1 1.000000e+00   2.961151e-03     0.003 (     0      0)     0.003 (     0      0)
"CPL:INIT_sync2_tprf"          -          1        1 1.000000e+00   8.558854e-07     0.000 (     0      0)     0.000 (     0      0)
"CPL:RUN_LOOP_BSTART"          -          1        1 1.000000e+00   2.461020e-07     0.000 (     0      0)     0.000 (     0      0)
"CPL:RUN_LOOP"                 -          1        1 4.800000e+01   1.428649e-01     0.143 (     0      0)     0.143 (     0      0)
"CPL:CLOCK_ADVANCE"            -          1        1 4.800000e+01   4.464861e-03     0.004 (     0      0)     0.004 (     0      0)
"CPL:RUN"                      -          1        1 3.360000e+02   1.231108e-03     0.001 (     0      0)     0.001 (     0      0)
"CPL:LNDPREP"                  -          1        1 4.800000e+01   8.982285e-04     0.001 (     0      0)     0.001 (     0      0)
"CPL:lndprep_atm2lnd"          -          1        1 4.800000e+01   4.423496e-04     0.000 (     0      0)     0.000 (     0      0)
"CPL:lndprep_mrgx2l"           -          1        1 4.800000e+01   3.850239e-04     0.000 (     0      0)     0.000 (     0      0)
"CPL:COMM"                     -          1        1 1.440000e+02   2.963925e-03     0.003 (     0      0)     0.003 (     0      0)
"CPL:C2L"                      -          1        1 4.800000e+01   1.092418e-03     0.001 (     0      0)     0.001 (     0      0)
"CPL:c2l_lndx2lndl"            -          1        1 4.800000e+01   9.639696e-04     0.001 (     0      0)     0.001 (     0      0)
"CPL:c2l_infoexch"             -          1        1 4.800000e+01   8.232379e-05     0.000 (     0      0)     0.000 (     0      0)
"CPL:LND_RUN"                  -          1        1 4.800000e+01   1.216244e-01     0.122 (     0      0)     0.122 (     0      0)
"l:lc_lnd_import"              -          1        1 4.800000e+01   8.152006e-05     0.000 (     0      0)     0.000 (     0      0)
"l:clm_run"                    -          1        1 4.900000e+01   1.176267e-01     0.118 (     0      0)     0.118 (     0      0)
"l:shr_orb_decl"               -          1        1 4.900000e+01   5.002483e-05     0.000 (     0      0)     0.000 (     0      0)
"l:decomp_vert"                -          1        1 4.900000e+01   4.246715e-05     0.000 (     0      0)     0.000 (     0      0)
"l:begcnbal_grc"               -          1        1 4.900000e+01   3.609341e-06     0.000 (     0      0)     0.000 (     0      0)
"l:begwbal"                    -          1        1 9.800000e+01   4.035719e-04     0.000 (     0      0)     0.000 (     0      0)
"l:dyn_subgrid"                -          1        1 4.900000e+01   9.582855e-04     0.001 (     0      0)     0.001 (     0      0)
"l:begcnbal_col"               -          1        1 4.900000e+01   2.187910e-06     0.000 (     0      0)     0.000 (     0      0)
"l:urbantvdyn_strd_adv_total"  -          1        1 4.900000e+01   2.889715e-03     0.003 (     0      0)     0.003 (     0      0)
"l:drvinit"                    -          1        1 4.900000e+01   6.946879e-04     0.001 (     0      0)     0.001 (     0      0)
"l:hydro1"                     -          1        1 4.900000e+01   4.961446e-04     0.000 (     0      0)     0.000 (     0      0)
"l:surfrad"                    -          1        1 4.900000e+01   4.078287e-04     0.000 (     0      0)     0.000 (     0      0)
"l:bgp1"                       -          1        1 4.900000e+01   3.305245e-04     0.000 (     0      0)     0.000 (     0      0)
"l:bgp_fluxes"                 -          1        1 4.900000e+01   5.288972e-03     0.005 (     0      0)     0.005 (     0      0)
"l:bgc"                        -          1        1 4.900000e+01   7.420664e-04     0.001 (     0      0)     0.001 (     0      0)
"l:lakeTemp"                   -          1        1 4.900000e+01   4.291390e-04     0.000 (     0      0)     0.000 (     0      0)
"l:soiltemperature"            -          1        1 4.900000e+01   5.453195e-02     0.055 (     0      0)     0.055 (     0      0)
"l:bgp2"                       -          1        1 4.900000e+01   2.642169e-04     0.000 (     0      0)     0.000 (     0      0)
"l:patch2col"                  -          1        1 4.900000e+01   4.881853e-05     0.000 (     0      0)     0.000 (     0      0)
"l:hydro_without_drainage"     -          1        1 4.900000e+01   3.114104e-03     0.003 (     0      0)     0.003 (     0      0)
"l:hylake"                     -          1        1 4.900000e+01   6.813849e-04     0.001 (     0      0)     0.001 (     0      0)
"l:snow_init"                  -          1        1 4.900000e+01   7.871282e-05     0.000 (     0      0)     0.000 (     0      0)
"l:depvel"                     -          1        1 4.900000e+01   1.000287e-05     0.000 (     0      0)     0.000 (     0      0)
"l:hydro2_drainage"            -          1        1 4.900000e+01   4.518537e-04     0.000 (     0      0)     0.000 (     0      0)
"l:lnd2atm"                    -          1        1 4.900000e+01   6.291608e-04     0.001 (     0      0)     0.001 (     0      0)
"l:lnd2glc"                    -          1        1 4.900000e+01   4.096911e-05     0.000 (     0      0)     0.000 (     0      0)
"l:balchk"                     -          1        1 4.900000e+01   5.137513e-04     0.001 (     0      0)     0.001 (     0      0)
"l:hbuf"                       -          1        1 4.900000e+01   8.273649e-03     0.008 (     0      0)     0.008 (     0      0)
"l:clm_drv_io"                 -          1        1 4.900000e+01   1.931141e-02     0.019 (     0      0)     0.019 (     0      0)
"l:lc_lnd_export"              -          1        1 4.900000e+01   6.574881e-05     0.000 (     0      0)     0.000 (     0      0)
"l:lc_clm2_adv_timestep"       -          1        1 4.900000e+01   3.239047e-05     0.000 (     0      0)     0.000 (     0      0)
"l:accum"                      -          1        1 4.800000e+01   5.981505e-04     0.001 (     0      0)     0.001 (     0      0)
"l:check_fields"               -          1        1 4.800000e+01   4.728418e-05     0.000 (     0      0)     0.000 (     0      0)
"CPL:L2C"                      -          1        1 4.800000e+01   1.208995e-03     0.001 (     0      0)     0.001 (     0      0)
"CPL:l2c_lndl2lndx"            -          1        1 4.800000e+01   1.075001e-03     0.001 (     0      0)     0.001 (     0      0)
"lnd2cpl_run"                  -          1        1 4.800000e+01   7.152464e-05     0.000 (     0      0)     0.000 (     0      0)
"CPL:LNDPOST"                  -          1        1 4.800000e+01   7.938361e-06     0.000 (     0      0)     0.000 (     0      0)
"CPL:FRACSET"                  -          1        1 4.800000e+01   7.642736e-05     0.000 (     0      0)     0.000 (     0      0)
"CPL:fracset_fracset"          -          1        1 4.800000e+01   5.234010e-05     0.000 (     0      0)     0.000 (     0      0)
"CPL:ATM_RUN"                  -          1        1 4.800000e+01   1.217437e-02     0.012 (     0      0)     0.012 (     0      0)
"a:DATM_RUN"                   -          1        1 4.800000e+01   1.089785e-02     0.011 (     0      0)     0.011 (     0      0)
"a:datm_run1"                  -          1        1 4.800000e+01   3.000116e-04     0.000 (     0      0)     0.000 (     0      0)
"a:datm"                       -          1        1 4.800000e+01   9.890124e-03     0.010 (     0      0)     0.010 (     0      0)
"a:datm_run2"                  -          1        1 4.800000e+01   6.476759e-04     0.001 (     0      0)     0.001 (     0      0)
"a:check_fields"               -          1        1 4.800000e+01   3.294693e-05     0.000 (     0      0)     0.000 (     0      0)
"CPL:A2C"                      -          1        1 4.800000e+01   6.125222e-04     0.001 (     0      0)     0.001 (     0      0)
"CPL:a2c_atma2atmx"            -          1        1 4.800000e+01   4.572349e-04     0.000 (     0      0)     0.000 (     0      0)
"CPL:a2c_infoexch"             -          1        1 4.800000e+01   9.315414e-05     0.000 (     0      0)     0.000 (     0      0)
"CPL:ATMPOST"                  -          1        1 4.800000e+01   7.537194e-06     0.000 (     0      0)     0.000 (     0      0)
"CPL:HISTORY"                  -          1        1 9.600000e+01   2.586935e-05     0.000 (     0      0)     0.000 (     0      0)
"CPL:TSTAMP_WRITE"             -          1        1 4.800000e+01   1.175946e-04     0.000 (     0      0)     0.000 (     0      0)
"CPL:TPROF_WRITE"              y          1        1 4.700000e+01   2.772780e-06     0.000 (     0      0)     0.000 (     0      0)
"l:interpMonthlyVeg"           -          1        1 4.700000e+01   1.448339e-02     0.014 (     0      0)     0.014 (     0      0)
"l:SatellitePhenology"         -          1        1 4.700000e+01   2.290821e-05     0.000 (     0      0)     0.000 (     0      0)
"l:surfalb"                    -          1        1 4.700000e+01   1.000175e-03     0.001 (     0      0)     0.001 (     0      0)
"CPL:RUN_LOOP_sync1_tprf"      -          1        1 1.000000e+00   1.800014e-06     0.000 (     0      0)     0.000 (     0      0)
"CPL:RUN_LOOP_t_prf"           y          0        0 0.000000e+00   0.000000e+00     0.000 (     0      0)     0.000 (     0      0)

