
***** GLOBAL STATISTICS (     1 MPI TASKS) *****

$Id: gptl.c,v 1.157 2011-03-28 20:55:18 rosinski Exp $
'count' is cumulative. All other stats are max/min
'on' indicates whether the timer was active during output, and so stats are lower or upper bounds.

name                          on  processes  threads        count      walltotal   wallmax (proc   thrd  )   wallmin (proc   thrd  )
"CPL:INIT"                     -          1        1 1.000000e+00   4.937412e+00     4.937 (     0      0)     4.937 (     0      0)
"CPL:cime_pre_init1"           -          1        1 1.000000e+00   9.271172e-02     0.093 (     0      0)     0.093 (     0      0)
"CPL:mpi_init"                 -          1        1 1.000000e+00   2.000000e-04     0.000 (     0      0)     0.000 (     0      0)
"CPL:ESMF_Initialize"          -          1        1 1.000000e+00   1.500005e-02     0.015 (     0      0)     0.015 (     0      0)
"CPL:cime_pre_init2"           -          1        1 1.000000e+00   1.369476e-02     0.014 (     0      0)     0.014 (     0      0)
"CPL:cime_init"                -          1        1 1.000000e+00   4.815988e+00     4.816 (     0      0)     4.816 (     0      0)
"CPL:init_comps"               -          1        1 1.000000e+00   4.814699e+00     4.815 (     0      0)     4.815 (     0      0)
"CPL:comp_init_pre_all"        -          1        1 1.000000e+00   6.115623e-05     0.000 (     0      0)     0.000 (     0      0)
"CPL:comp_init_cc_atm"         -          1        1 1.000000e+00   3.746274e+00     3.746 (     0      0)     3.746 (     0      0)
"CPL:comp_init_cc_lnd"         -          1        1 1.000000e+00   1.067696e+00     1.068 (     0      0)     1.068 (     0      0)
"CPL:comp_init_cc_rof"         -          1        1 1.000000e+00   3.822800e-05     0.000 (     0      0)     0.000 (     0      0)
"CPL:comp_init_cc_ocn"         -          1        1 1.000000e+00   1.932075e-05     0.000 (     0      0)     0.000 (     0      0)
"CPL:comp_init_cc_ice"         -          1        1 1.000000e+00   1.419988e-05     0.000 (     0      0)     0.000 (     0      0)
"CPL:comp_init_cc_glc"         -          1        1 1.000000e+00   1.015188e-05     0.000 (     0      0)     0.000 (     0      0)
"CPL:comp_init_cc_wav"         -          1        1 1.000000e+00   1.043407e-05     0.000 (     0      0)     0.000 (     0      0)
"CPL:comp_init_cc_esp"         -          1        1 1.000000e+00   1.137424e-05     0.000 (     0      0)     0.000 (     0      0)
"comp_init_cc_iac"             -          1        1 1.000000e+00   1.012487e-05     0.000 (     0      0)     0.000 (     0      0)
"CPL:comp_init_cx_all"         -          1        1 1.000000e+00   4.789503e-04     0.000 (     0      0)     0.000 (     0      0)
"CPL:comp_list_all"            -          1        1 1.000000e+00   1.763180e-05     0.000 (     0      0)     0.000 (     0      0)
"CPL:init_maps"                -          1        1 1.000000e+00   3.235810e-04     0.000 (     0      0)     0.000 (     0      0)
"CPL:init_aream"               -          1        1 1.000000e+00   1.645461e-05     0.000 (     0      0)     0.000 (     0      0)
"CPL:init_domain_check"        -          1        1 1.000000e+00   1.806556e-04     0.000 (     0      0)     0.000 (     0      0)
"CPL:init_areacor"             -          1        1 1.000000e+00   1.473166e-04     0.000 (     0      0)     0.000 (     0      0)
"CPL:init_fracs"               -          1        1 1.000000e+00   1.837350e-04     0.000 (     0      0)     0.000 (     0      0)
"CPL:init_readrestart"         -          1        1 1.000000e+00   6.039487e-05     0.000 (     0      0)     0.000 (     0      0)
"CPL:cime_run_init"            -          1        1 1.000000e+00   3.131262e-02     0.031 (     0      0)     0.031 (     0      0)
"CPL:INIT_sync1_tprf"          -          1        1 1.000000e+00   1.029111e-06     0.000 (     0      0)     0.000 (     0      0)
"CPL:INIT_t_prf"               -          1        1 1.000000e+00   3.753853e-03     0.004 (     0      0)     0.004 (     0      0)
"CPL:INIT_sync2_tprf"          -          1        1 1.000000e+00   7.068738e-07     0.000 (     0      0)     0.000 (     0      0)
"CPL:RUN_LOOP_BSTART"          -          1        1 1.000000e+00   2.407469e-07     0.000 (     0      0)     0.000 (     0      0)
"CPL:RUN_LOOP"                 -          1        1 4.800000e+01   1.021597e-01     0.102 (     0      0)     0.102 (     0      0)
"CPL:CLOCK_ADVANCE"            -          1        1 4.800000e+01   4.484563e-03     0.004 (     0      0)     0.004 (     0      0)
"CPL:RUN"                      -          1        1 3.360000e+02   1.273393e-03     0.001 (     0      0)     0.001 (     0      0)
"CPL:LNDPREP"                  -          1        1 4.800000e+01   9.143138e-04     0.001 (     0      0)     0.001 (     0      0)
"CPL:lndprep_atm2lnd"          -          1        1 4.800000e+01   4.454805e-04     0.000 (     0      0)     0.000 (     0      0)
"CPL:lndprep_mrgx2l"           -          1        1 4.800000e+01   3.955760e-04     0.000 (     0      0)     0.000 (     0      0)
"CPL:COMM"                     -          1        1 1.440000e+02   2.983155e-03     0.003 (     0      0)     0.003 (     0      0)
"CPL:C2L"                      -          1        1 4.800000e+01   1.094813e-03     0.001 (     0      0)     0.001 (     0      0)
"CPL:c2l_lndx2lndl"            -          1        1 4.800000e+01   9.643002e-04     0.001 (     0      0)     0.001 (     0      0)
"CPL:c2l_infoexch"             -          1        1 4.800000e+01   8.503255e-05     0.000 (     0      0)     0.000 (     0      0)
"CPL:LND_RUN"                  -          1        1 4.800000e+01   8.066841e-02     0.081 (     0      0)     0.081 (     0      0)
"l:lc_lnd_import"              -          1        1 4.800000e+01   8.532126e-05     0.000 (     0      0)     0.000 (     0      0)
"l:clm_run"                    -          1        1 4.900000e+01   7.664552e-02     0.077 (     0      0)     0.077 (     0      0)
"l:shr_orb_decl"               -          1        1 4.900000e+01   5.094754e-05     0.000 (     0      0)     0.000 (     0      0)
"l:decomp_vert"                -          1        1 4.900000e+01   4.046969e-05     0.000 (     0      0)     0.000 (     0      0)
"l:begcnbal_grc"               -          1        1 4.900000e+01   3.412832e-06     0.000 (     0      0)     0.000 (     0      0)
"l:begwbal"                    -          1        1 9.800000e+01   4.182598e-04     0.000 (     0      0)     0.000 (     0      0)
"l:dyn_subgrid"                -          1        1 4.900000e+01   1.029693e-03     0.001 (     0      0)     0.001 (     0      0)
"l:begcnbal_col"               -          1        1 4.900000e+01   2.352055e-06     0.000 (     0      0)     0.000 (     0      0)
"l:urbantvdyn_strd_adv_total"  -          1        1 4.900000e+01   2.871898e-03     0.003 (     0      0)     0.003 (     0      0)
"l:drvinit"                    -          1        1 4.900000e+01   7.256130e-04     0.001 (     0      0)     0.001 (     0      0)
"l:hydro1"                     -          1        1 4.900000e+01   6.018546e-04     0.001 (     0      0)     0.001 (     0      0)
"l:surfrad"                    -          1        1 4.900000e+01   4.294631e-04     0.000 (     0      0)     0.000 (     0      0)
"l:bgp1"                       -          1        1 4.900000e+01   3.469363e-04     0.000 (     0      0)     0.000 (     0      0)
"l:bgp_fluxes"                 -          1        1 4.900000e+01   3.305588e-03     0.003 (     0      0)     0.003 (     0      0)
"l:bgc"                        -          1        1 4.900000e+01   9.114300e-04     0.001 (     0      0)     0.001 (     0      0)
"l:lakeTemp"                   -          1        1 4.900000e+01   4.338133e-04     0.000 (     0      0)     0.000 (     0      0)
"l:soiltemperature"            -          1        1 4.900000e+01   1.360822e-02     0.014 (     0      0)     0.014 (     0      0)
"l:bgp2"                       -          1        1 4.900000e+01   2.875063e-04     0.000 (     0      0)     0.000 (     0      0)
"l:patch2col"                  -          1        1 4.900000e+01   4.773866e-05     0.000 (     0      0)     0.000 (     0      0)
"l:hydro_without_drainage"     -          1        1 4.900000e+01   3.471781e-03     0.003 (     0      0)     0.003 (     0      0)
"l:hylake"                     -          1        1 4.900000e+01   7.162844e-04     0.001 (     0      0)     0.001 (     0      0)
"l:snow_init"                  -          1        1 4.900000e+01   9.167194e-05     0.000 (     0      0)     0.000 (     0      0)
"l:depvel"                     -          1        1 4.900000e+01   9.331852e-06     0.000 (     0      0)     0.000 (     0      0)
"l:hydro2_drainage"            -          1        1 4.900000e+01   4.962939e-04     0.000 (     0      0)     0.000 (     0      0)
"l:lnd2atm"                    -          1        1 4.900000e+01   6.801719e-04     0.001 (     0      0)     0.001 (     0      0)
"l:lnd2glc"                    -          1        1 4.900000e+01   4.148530e-05     0.000 (     0      0)     0.000 (     0      0)
"l:balchk"                     -          1        1 4.900000e+01   5.361987e-04     0.001 (     0      0)     0.001 (     0      0)
"l:hbuf"                       -          1        1 4.900000e+01   8.363439e-03     0.008 (     0      0)     0.008 (     0      0)
"l:clm_drv_io"                 -          1        1 4.900000e+01   2.008041e-02     0.020 (     0      0)     0.020 (     0      0)
"l:lc_lnd_export"              -          1        1 4.900000e+01   6.557722e-05     0.000 (     0      0)     0.000 (     0      0)
"l:lc_clm2_adv_timestep"       -          1        1 4.900000e+01   2.218969e-05     0.000 (     0      0)     0.000 (     0      0)
"l:accum"                      -          1        1 4.800000e+01   6.155572e-04     0.001 (     0      0)     0.001 (     0      0)
"l:check_fields"               -          1        1 4.800000e+01   3.934139e-05     0.000 (     0      0)     0.000 (     0      0)
"CPL:L2C"                      -          1        1 4.800000e+01   1.202263e-03     0.001 (     0      0)     0.001 (     0      0)
"CPL:l2c_lndl2lndx"            -          1        1 4.800000e+01   1.075156e-03     0.001 (     0      0)     0.001 (     0      0)
"lnd2cpl_run"                  -          1        1 4.800000e+01   7.039588e-05     0.000 (     0      0)     0.000 (     0      0)
"CPL:LNDPOST"                  -          1        1 4.800000e+01   7.587485e-06     0.000 (     0      0)     0.000 (     0      0)
"CPL:FRACSET"                  -          1        1 4.800000e+01   7.822784e-05     0.000 (     0      0)     0.000 (     0      0)
"CPL:fracset_fracset"          -          1        1 4.800000e+01   5.360506e-05     0.000 (     0      0)     0.000 (     0      0)
"CPL:ATM_RUN"                  -          1        1 4.800000e+01   1.234095e-02     0.012 (     0      0)     0.012 (     0      0)
"a:DATM_RUN"                   -          1        1 4.800000e+01   1.103217e-02     0.011 (     0      0)     0.011 (     0      0)
"a:datm_run1"                  -          1        1 4.800000e+01   3.087255e-04     0.000 (     0      0)     0.000 (     0      0)
"a:datm"                       -          1        1 4.800000e+01   9.989576e-03     0.010 (     0      0)     0.010 (     0      0)
"a:datm_run2"                  -          1        1 4.800000e+01   6.706072e-04     0.001 (     0      0)     0.001 (     0      0)
"a:check_fields"               -          1        1 4.800000e+01   3.349362e-05     0.000 (     0      0)     0.000 (     0      0)
"CPL:A2C"                      -          1        1 4.800000e+01   6.353878e-04     0.001 (     0      0)     0.001 (     0      0)
"CPL:a2c_atma2atmx"            -          1        1 4.800000e+01   4.776390e-04     0.000 (     0      0)     0.000 (     0      0)
"CPL:a2c_infoexch"             -          1        1 4.800000e+01   9.310385e-05     0.000 (     0      0)     0.000 (     0      0)
"CPL:ATMPOST"                  -          1        1 4.800000e+01   6.466173e-06     0.000 (     0      0)     0.000 (     0      0)
"CPL:HISTORY"                  -          1        1 9.600000e+01   2.592243e-05     0.000 (     0      0)     0.000 (     0      0)
"CPL:TSTAMP_WRITE"             -          1        1 4.800000e+01   1.441580e-04     0.000 (     0      0)     0.000 (     0      0)
"CPL:TPROF_WRITE"              y          1        1 4.700000e+01   2.652872e-06     0.000 (     0      0)     0.000 (     0      0)
"l:interpMonthlyVeg"           -          1        1 4.700000e+01   1.443156e-02     0.014 (     0      0)     0.014 (     0      0)
"l:SatellitePhenology"         -          1        1 4.700000e+01   2.279133e-05     0.000 (     0      0)     0.000 (     0      0)
"l:surfalb"                    -          1        1 4.700000e+01   1.126822e-03     0.001 (     0      0)     0.001 (     0      0)
"CPL:RUN_LOOP_sync1_tprf"      -          1        1 1.000000e+00   1.417939e-06     0.000 (     0      0)     0.000 (     0      0)
"CPL:RUN_LOOP_t_prf"           y          0        0 0.000000e+00   0.000000e+00     0.000 (     0      0)     0.000 (     0      0)

