
***** GLOBAL STATISTICS (     1 MPI TASKS) *****

$Id: gptl.c,v 1.157 2011-03-28 20:55:18 rosinski Exp $
'count' is cumulative. All other stats are max/min
name                          processes  threads        count      walltotal   wallmax (proc   thrd  )   wallmin (proc   thrd  )
"CPL:INIT"                            1        1 1.000000e+00   5.418307e+00     5.418 (     0      0)     5.418 (     0      0)
"CPL:cime_pre_init1"                  1        1 1.000000e+00   1.145000e-01     0.115 (     0      0)     0.115 (     0      0)
"CPL:ESMF_Initialize"                 1        1 1.000000e+00   1.000000e-04     0.000 (     0      0)     0.000 (     0      0)
"CPL:cime_pre_init2"                  1        1 1.000000e+00   1.871000e-01     0.187 (     0      0)     0.187 (     0      0)
"CPL:cime_init"                       1        1 1.000000e+00   5.116572e+00     5.117 (     0      0)     5.117 (     0      0)
"CPL:init_comps"                      1        1 1.000000e+00   5.114417e+00     5.114 (     0      0)     5.114 (     0      0)
"CPL:comp_init_pre_all"               1        1 1.000000e+00   7.536891e-05     0.000 (     0      0)     0.000 (     0      0)
"CPL:comp_init_cc_atm"                1        1 1.000000e+00   4.311210e+00     4.311 (     0      0)     4.311 (     0      0)
"CPL:comp_init_cc_lnd"                1        1 1.000000e+00   8.009558e-01     0.801 (     0      0)     0.801 (     0      0)
"CPL:comp_init_cc_rof"                1        1 1.000000e+00   1.239338e-03     0.001 (     0      0)     0.001 (     0      0)
"CPL:comp_init_cc_ocn"                1        1 1.000000e+00   3.365497e-05     0.000 (     0      0)     0.000 (     0      0)
"CPL:comp_init_cc_ice"                1        1 1.000000e+00   1.646194e-05     0.000 (     0      0)     0.000 (     0      0)
"CPL:comp_init_cc_glc"                1        1 1.000000e+00   1.580094e-05     0.000 (     0      0)     0.000 (     0      0)
"CPL:comp_init_cc_wav"                1        1 1.000000e+00   1.012499e-05     0.000 (     0      0)     0.000 (     0      0)
"CPL:comp_init_cc_esp"                1        1 1.000000e+00   8.682022e-06     0.000 (     0      0)     0.000 (     0      0)
"CPL:comp_init_cx_all"                1        1 1.000000e+00   8.191760e-04     0.001 (     0      0)     0.001 (     0      0)
"CPL:comp_list_all"                   1        1 1.000000e+00   3.684894e-06     0.000 (     0      0)     0.000 (     0      0)
"CPL:init_maps"                       1        1 1.000000e+00   6.567470e-04     0.001 (     0      0)     0.001 (     0      0)
"CPL:init_aream"                      1        1 1.000000e+00   1.416891e-05     0.000 (     0      0)     0.000 (     0      0)
"CPL:init_domain_check"               1        1 1.000000e+00   1.451521e-04     0.000 (     0      0)     0.000 (     0      0)
"CPL:init_areacor"                    1        1 1.000000e+00   2.706561e-04     0.000 (     0      0)     0.000 (     0      0)
"CPL:init_fracs"                      1        1 1.000000e+00   1.566480e-04     0.000 (     0      0)     0.000 (     0      0)
"CPL:comp_init_cc_atm2"               1        1 1.000000e+00   4.056140e-04     0.000 (     0      0)     0.000 (     0      0)
"CPL:init_readrestart"                1        1 1.000000e+00   5.836901e-05     0.000 (     0      0)     0.000 (     0      0)
"CPL:RUN_LOOP_BSTART"                 1        1 1.000000e+00   4.660105e-07     0.000 (     0      0)     0.000 (     0      0)
"CPL:RUN_LOOP"                        1        1 4.800000e+01   1.158698e-01     0.116 (     0      0)     0.116 (     0      0)
"CPL:CLOCK_ADVANCE"                   1        1 4.800000e+01   4.006896e-03     0.004 (     0      0)     0.004 (     0      0)
"CPL:RUN"                             1        1 2.880000e+02   6.457426e-03     0.006 (     0      0)     0.006 (     0      0)
"CPL:LNDPREP"                         1        1 4.800000e+01   9.005154e-04     0.001 (     0      0)     0.001 (     0      0)
"CPL:lndprep_atm2lnd"                 1        1 4.800000e+01   4.293883e-04     0.000 (     0      0)     0.000 (     0      0)
"CPL:lndprep_mrgx2l"                  1        1 4.800000e+01   3.927281e-04     0.000 (     0      0)     0.000 (     0      0)
"CPL:COMM"                            1        1 1.440000e+02   2.868253e-03     0.003 (     0      0)     0.003 (     0      0)
"CPL:C2L"                             1        1 4.800000e+01   1.054432e-03     0.001 (     0      0)     0.001 (     0      0)
"CPL:c2l_lndx2lndl"                   1        1 4.800000e+01   9.212756e-04     0.001 (     0      0)     0.001 (     0      0)
"CPL:c2l_infoexch"                    1        1 4.800000e+01   8.108781e-05     0.000 (     0      0)     0.000 (     0      0)
"CPL:LND_RUN"                         1        1 4.800000e+01   7.763583e-02     0.078 (     0      0)     0.078 (     0      0)
"l:lc_lnd_import"                     1        1 4.800000e+01   8.209969e-05     0.000 (     0      0)     0.000 (     0      0)
"l:clm_run"                           1        1 4.900000e+01   6.757405e-02     0.068 (     0      0)     0.068 (     0      0)
"l:shr_orb_decl"                      1        1 4.900000e+01   6.304844e-05     0.000 (     0      0)     0.000 (     0      0)
"l:decomp_vert"                       1        1 4.900000e+01   3.779924e-05     0.000 (     0      0)     0.000 (     0      0)
"l:dyn_subgrid"                       1        1 4.900000e+01   8.057980e-04     0.001 (     0      0)     0.001 (     0      0)
"l:begwbal"                           1        1 4.900000e+01   7.232907e-05     0.000 (     0      0)     0.000 (     0      0)
"l:begcnbal_col"                      1        1 4.900000e+01   3.818539e-06     0.000 (     0      0)     0.000 (     0      0)
"l:urbantvdyn_strd_adv_total"         1        1 4.900000e+01   2.956113e-03     0.003 (     0      0)     0.003 (     0      0)
"l:drvinit"                           1        1 4.900000e+01   3.285772e-04     0.000 (     0      0)     0.000 (     0      0)
"l:canhydro"                          1        1 4.900000e+01   2.016957e-04     0.000 (     0      0)     0.000 (     0      0)
"l:surfrad"                           1        1 4.900000e+01   4.141172e-04     0.000 (     0      0)     0.000 (     0      0)
"l:bgp1"                              1        1 4.900000e+01   2.531105e-04     0.000 (     0      0)     0.000 (     0      0)
"l:bgflux"                            1        1 4.900000e+01   3.500620e-04     0.000 (     0      0)     0.000 (     0      0)
"l:canflux"                           1        1 4.900000e+01   8.816466e-04     0.001 (     0      0)     0.001 (     0      0)
"l:uflux"                             1        1 4.900000e+01   2.732457e-04     0.000 (     0      0)     0.000 (     0      0)
"l:bgplake"                           1        1 4.900000e+01   1.204400e-04     0.000 (     0      0)     0.000 (     0      0)
"l:irrigationneeded"                  1        1 4.900000e+01   6.372982e-05     0.000 (     0      0)     0.000 (     0      0)
"l:bgc"                               1        1 4.900000e+01   4.343196e-04     0.000 (     0      0)     0.000 (     0      0)
"l:lakeTemp"                          1        1 4.900000e+01   4.198726e-04     0.000 (     0      0)     0.000 (     0      0)
"l:soiltemperature"                   1        1 4.900000e+01   2.623140e-02     0.026 (     0      0)     0.026 (     0      0)
"l:bgp2"                              1        1 4.900000e+01   2.342040e-04     0.000 (     0      0)     0.000 (     0      0)
"l:patch2col"                         1        1 4.900000e+01   4.887884e-05     0.000 (     0      0)     0.000 (     0      0)
"l:hydro_without_drainage"            1        1 4.900000e+01   1.955352e-03     0.002 (     0      0)     0.002 (     0      0)
"l:hylake"                            1        1 4.900000e+01   4.672440e-04     0.000 (     0      0)     0.000 (     0      0)
"l:snow_init"                         1        1 4.900000e+01   5.417224e-05     0.000 (     0      0)     0.000 (     0      0)
"l:depvel"                            1        1 4.900000e+01   2.656749e-05     0.000 (     0      0)     0.000 (     0      0)
"l:hydro2_drainage"                   1        1 4.900000e+01   3.080984e-04     0.000 (     0      0)     0.000 (     0      0)
"l:balchk"                            1        1 4.900000e+01   1.916378e-04     0.000 (     0      0)     0.000 (     0      0)
"l:lnd2atm"                           1        1 4.900000e+01   3.936752e-04     0.000 (     0      0)     0.000 (     0      0)
"l:lnd2glc"                           1        1 4.900000e+01   3.920414e-05     0.000 (     0      0)     0.000 (     0      0)
"l:wrtdiag"                           1        1 4.900000e+01   7.034150e-04     0.001 (     0      0)     0.001 (     0      0)
"l:hbuf"                              1        1 4.900000e+01   5.190023e-03     0.005 (     0      0)     0.005 (     0      0)
"l:clm_drv_io"                        1        1 4.900000e+01   8.585876e-03     0.009 (     0      0)     0.009 (     0      0)
"l:lc_lnd_export"                     1        1 4.900000e+01   6.647769e-05     0.000 (     0      0)     0.000 (     0      0)
"l:lc_clm2_adv_timestep"              1        1 4.900000e+01   2.017629e-05     0.000 (     0      0)     0.000 (     0      0)
"l:accum"                             1        1 4.800000e+01   4.576747e-04     0.000 (     0      0)     0.000 (     0      0)
"l:check_fields"                      1        1 4.800000e+01   4.311814e-05     0.000 (     0      0)     0.000 (     0      0)
"CPL:L2C"                             1        1 4.800000e+01   1.165302e-03     0.001 (     0      0)     0.001 (     0      0)
"CPL:l2c_lndl2lndx"                   1        1 4.800000e+01   1.034836e-03     0.001 (     0      0)     0.001 (     0      0)
"lnd2cpl_run"                         1        1 4.800000e+01   6.930227e-05     0.000 (     0      0)     0.000 (     0      0)
"CPL:LNDPOST"                         1        1 4.800000e+01   1.128903e-05     0.000 (     0      0)     0.000 (     0      0)
"CPL:FRACSET"                         1        1 4.800000e+01   8.569215e-05     0.000 (     0      0)     0.000 (     0      0)
"CPL:fracset_fracset"                 1        1 4.800000e+01   5.448947e-05     0.000 (     0      0)     0.000 (     0      0)
"CPL:ATM_RUN"                         1        1 4.800000e+01   2.423525e-02     0.024 (     0      0)     0.024 (     0      0)
"a:DATM_RUN"                          1        1 4.800000e+01   2.002074e-02     0.020 (     0      0)     0.020 (     0      0)
"a:datm_run1"                         1        1 4.800000e+01   3.090777e-04     0.000 (     0      0)     0.000 (     0      0)
"a:datm"                              1        1 4.800000e+01   1.913844e-02     0.019 (     0      0)     0.019 (     0      0)
"a:datm_run2"                         1        1 4.800000e+01   5.028823e-04     0.001 (     0      0)     0.001 (     0      0)
"a:check_fields"                      1        1 4.800000e+01   3.511528e-05     0.000 (     0      0)     0.000 (     0      0)
"CPL:A2C"                             1        1 4.800000e+01   5.833539e-04     0.001 (     0      0)     0.001 (     0      0)
"CPL:a2c_atma2atmx"                   1        1 4.800000e+01   4.331251e-04     0.000 (     0      0)     0.000 (     0      0)
"CPL:a2c_infoexch"                    1        1 4.800000e+01   9.024038e-05     0.000 (     0      0)     0.000 (     0      0)
"CPL:ATMPOST"                         1        1 4.800000e+01   8.966192e-06     0.000 (     0      0)     0.000 (     0      0)
"CPL:HISTORY"                         1        1 4.800000e+01   2.847228e-05     0.000 (     0      0)     0.000 (     0      0)
"CPL:TSTAMP_WRITE"                    1        1 4.800000e+01   5.307203e-03     0.005 (     0      0)     0.005 (     0      0)
"CPL:TPROF_WRITE"                     1        1 4.700000e+01   4.024128e-06     0.000 (     0      0)     0.000 (     0      0)
"l:interpMonthlyVeg"                  1        1 4.700000e+01   1.347837e-02     0.013 (     0      0)     0.013 (     0      0)
"l:SatellitePhenology"                1        1 4.700000e+01   3.593322e-05     0.000 (     0      0)     0.000 (     0      0)
"l:surfalb"                           1        1 4.700000e+01   7.028158e-04     0.001 (     0      0)     0.001 (     0      0)
"CPL:sync1_tprof"                     1        1 1.000000e+00   1.066015e-06     0.000 (     0      0)     0.000 (     0      0)
"CPL:t_prf"                           0        0 0.000000e+00   0.000000e+00     0.000 (     0      0)     0.000 (     0      0)

