observed_Q	basin_ppt	basin_tmin	basin_tmax	model_Q	basin_soil_moist	basin_snowmelt	basin_actet	basin_potet
0.0	0.0	255.92346	255.92346	1.3299739e-05	0.4956245	7.3604355	0.0	0.0
0.0	0.0	263.28943	263.28943	1.3284559e-05	0.49403712	7.6340084	0.0	0.0
0.0	0.0	257.22577	257.22577	1.3269442e-05	0.49114463	7.888034	0.0	0.0
0.0	0.0	265.9594	265.9594	1.3254389e-05	0.49036056	8.990298	0.0	0.0
0.0	0.0	249.06682	249.06682	1.3239403e-05	0.4885397	10.247048	0.0	0.0
0.0	0.0	247.25793	247.25793	1.3224484e-05	0.4883223	10.220576	0.0	0.0
0.0	0.0	253.10704	253.10704	1.3209632e-05	0.4883223	10.315412	0.0	0.0
0.0	0.0	249.60573	249.60573	1.319485e-05	0.4883223	10.913686	0.0	0.0
0.0	0.0	255.11414	255.11414	1.3180137e-05	0.4883223	12.422902	0.0	0.0
0.0	0.0	253.28615	253.28615	1.3165496e-05	0.4883223	14.655898	0.0	0.0
0.0	0.0	251.32729	251.32729	1.3150927e-05	0.4883223	14.624776	0.0	0.0
0.0	0.0	250.73108	250.73108	1.3136431e-05	0.4883223	14.59238	0.0	0.0
0.0	0.0	250.27806	250.27806	1.312201e-05	0.4883223	14.560875	0.0	0.0
0.0	0.0	248.60744	248.60744	1.3107664e-05	0.4883223	14.531364	0.0	0.0
0.0	0.0	261.541	261.541	1.3093395e-05	0.4883223	14.495577	0.0	0.0
0.0	0.0	268.63037	268.63037	1.3079203e-05	0.4883279	15.184704	0.0	0.0
0.0	0.0	260.9944	260.9944	1.306509e-05	0.4883223	15.148264	0.0	0.0
0.0	0.0	268.007	268.007	1.3051055e-05	0.48833388	16.91645	0.0	0.0
0.0	0.0	270.4495	270.4495	1.3037102e-05	0.48836705	18.879461	0.0	0.0
0.0	0.0	263.81656	263.81656	1.3023229e-05	0.4883223	18.833866	0.0	0.0
0.0	0.0	268.89432	268.89432	1.3009439e-05	0.4883223	18.798956	0.0	0.0
0.0	0.0	268.37372	268.37372	1.2995731e-05	0.4883223	18.7607	0.0	0.0
0.0	0.0	264.91867	264.91867	1.2982107e-05	0.4883223	18.70168	0.0	0.0
0.0	0.0	272.69064	272.69064	1.2968568e-05	0.48833922	18.631952	0.0	0.0
0.0	0.0	273.5321	273.5321	1.361724e-05	0.4909017	18.532957	0.0	0.0
0.0	0.0	266.07904	266.07904	1.2941744e-05	0.5051247	17.994482	0.0	0.0
0.0	1.9886843e-06	269.78928	269.78928	1.2945286e-05	0.5049227	18.947367	0.0	0.0
0.0	0.0	270.92087	270.92087	1.2915267e-05	0.5051518	19.681736	0.0	0.0
0.0	0.0	270.40414	270.40414	1.2902159e-05	0.5043033	19.645035	0.0	0.0
0.0	0.0	267.15506	267.15506	1.2889139e-05	0.50408113	19.608212	0.0	0.0
0.0	0.0	256.87903	256.87903	1.2876208e-05	0.5038167	19.561762	0.0	0.0
0.0	0.0	264.17188	264.17188	1.2863365e-05	0.5030961	19.493305	0.0	0.0
0.0	0.0	253.37329	253.37329	1.2850611e-05	0.5019267	19.41533	0.0	0.0
0.0	0.0	251.64952	251.64952	1.2837947e-05	0.5009792	19.366917	0.0	0.0
0.0	0.0	254.68968	254.68968	1.2825372e-05	0.5003007	19.315481	0.0	0.0
0.0	0.0	256.237	256.237	1.2812888e-05	0.49964118	19.261032	0.0	0.0
0.0	0.0	254.88814	254.88814	1.2800493e-05	0.4989374	19.218353	0.0	0.0
0.0	0.0	262.1371	262.1371	1.2788189e-05	0.4986096	19.446266	0.0	0.0
0.0	0.0	266.51926	266.51926	1.2775976e-05	0.4982666	19.756437	0.0	0.0
0.0	0.0	264.5075	264.5075	1.2763852e-05	0.49796358	19.845594	0.0	0.0
0.0	0.0	265.96545	265.96545	1.275182e-05	0.49737492	19.77926	0.0	0.0
0.0	0.0	268.0378	268.0378	1.2739878e-05	0.49701852	21.610764	0.0	0.0
0.0	0.0	262.30115	262.30115	1.2728026e-05	0.49673912	27.764149	0.0	0.0
0.0	0.0	252.15231	252.15231	1.2716266e-05	0.4961214	27.709942	0.0	0.0
0.0	0.0	260.01163	260.01163	1.2704595e-05	0.4956172	27.637339	0.0	0.0
0.0	0.0	253.26408	253.26408	1.26930145e-05	0.49511036	27.537302	0.0	0.0
0.0	0.0	251.95648	251.95648	1.2681524e-05	0.49453643	27.56366	0.0	0.0
0.0	0.0	258.422	258.422	1.2670123e-05	0.4941765	28.177702	0.0	0.0
0.0	0.0	254.32585	254.32585	1.2658813e-05	0.49383324	28.354675	0.0	0.0
0.0	0.0	249.06668	249.06668	1.2647592e-05	0.4934231	28.696718	0.0	0.0
0.0	0.0	246.2865	246.2865	1.263646e-05	0.49303576	28.772547	0.0	0.0
0.0	0.0	257.90942	257.90942	1.2625417e-05	0.49275738	29.417469	0.0	0.0
0.0	0.0	259.92786	259.92786	1.2614462e-05	0.49262664	30.193388	0.0	0.0
0.0	0.0	249.17613	249.17613	1.2603597e-05	0.49231726	30.126295	0.0	0.0
0.0	0.0	249.67435	249.67435	1.2592818e-05	0.49199083	30.08085	0.0	0.0
0.0	0.0	264.6366	264.6366	1.2582128e-05	0.4918556	30.827461	0.0	0.0
0.0	0.0	253.13522	253.13522	1.2571524e-05	0.49160662	31.211763	0.0	0.0
0.0	0.0	251.26715	251.26715	1.2561008e-05	0.4913439	31.157923	0.0	0.0
0.0	0.0	252.33006	252.33006	1.2550577e-05	0.49107927	31.103506	0.0	0.0
0.0	0.0	255.40305	255.40305	1.2540232e-05	0.4908489	31.032997	0.0	0.0
0.0	0.0	263.29733	263.29733	1.2529973e-05	0.49070942	31.171648	0.0	0.0
0.0	0.0	260.70645	260.70645	1.25197985e-05	0.49053216	31.13898	0.0	0.0
0.0	0.0	266.25305	266.25305	1.25097085e-05	0.49038684	33.678986	0.0	0.0
0.0	0.0	253.19199	253.19199	1.2499703e-05	0.4902437	36.296127	0.0	0.0
0.0	0.0	250.4147	250.4147	1.2489781e-05	0.49004188	36.243053	0.0	0.0
0.0	0.0	262.5506	262.5506	1.2479941e-05	0.48990098	36.16193	0.0	0.0
0.0	0.0	269.54294	269.54294	1.2470183e-05	0.48980266	36.04093	0.0	0.0
0.0	0.0	271.46518	271.46518	1.8665041e-05	0.49526215	35.53099	0.0	0.0
3.125e-08	0.0	273.38608	273.38608	2.273633e-05	0.54354644	28.962597	0.0	0.0
2.060185185185185e-07	0.0	275.4832	275.4832	2.3916e-05	0.6085406	19.036867	0.0	0.0
2.060185185185185e-07	0.0	273.96207	273.96207	1.6508122e-05	0.74133915	9.947893	0.0	0.0
1.0300925925925925e-07	0.0	277.12585	277.12585	1.9814126e-05	0.8029036	5.281758	9.345793e-26	9.345793e-26
4.12037037037037e-07	0.0	275.69495	275.69495	1.2413906e-05	0.486918	6.7195765e-06	1.482135e-24	1.482135e-24
7.222222222222222e-07	0.0	278.0929	278.0929	1.2404715e-05	0.47754645	6.285352e-06	1.6814259e-07	1.6814259e-07
7.222222222222222e-07	0.0	280.1643	280.1643	1.2394919e-05	0.47379062	6.1948268e-12	1.9653643e-07	1.9653643e-07
3.090277777777778e-07	4.6999998e-05	278.15555	278.15555	1.6830252e-05	0.40568477	0.0	5.4001664e-08	5.4001664e-08
3.090277777777778e-07	0.0	272.0879	272.0879	1.23768195e-05	0.5209502	2.8011727e-11	1.1446815e-07	1.1446815e-07
2.060185185185185e-07	0.0	272.45648	272.45648	1.23679065e-05	0.51292163	7.113066e-23	1.3426749e-24	1.3426749e-24
2.060185185185185e-07	0.0	272.82672	272.82672	1.5377602e-05	0.5250205	0.14301904	1.3151384e-24	1.3151384e-24
8.217592592592593e-08	3.052947e-05	274.7536	274.7536	2.4021316e-05	0.42121542	9.230064e-06	1.6121772e-24	1.6121772e-24
3.125e-08	0.0	267.2038	267.2038	1.2342191e-05	0.52668136	0.00010635684	1.6233874e-24	1.6233874e-24
2.0833333333333335e-08	0.0	270.27267	270.27267	1.2333057e-05	0.49894276	1.06500695e-23	6.4082854e-25	6.4082854e-25
6.13425925925926e-08	0.0	271.7657	271.7657	1.23245145e-05	0.50281686	7.726998e-24	8.264338e-25	8.264338e-25
6.13425925925926e-08	0.0	275.83554	275.83554	1.2316002e-05	0.40780511	8.735546e-23	7.867615e-25	7.867615e-25
5.208333333333333e-08	3.6218887e-06	274.3097	274.3097	1.5528289e-05	0.3733621	0.4081537	3.919839e-24	3.919839e-24
2.0833333333333335e-08	0.0	270.19733	270.19733	1.2299463e-05	0.3995347	0.98100275	0.0	0.0
0.0	0.0	265.64215	265.64215	1.2291259e-05	0.42999288	0.8353506	0.0	0.0
2.060185185185185e-07	0.0	269.16998	269.16998	1.2295984e-05	0.4176496	0.3092143	1.3785881e-24	1.3785881e-24
3.090277777777778e-07	2.373656e-05	275.56967	275.56967	1.8742077e-05	0.3482737	2.7595887	5.681715e-24	5.681715e-24
1.0300925925925925e-07	0.0	275.0319	275.0319	1.2345274e-05	0.36416376	2.3020256	8.581587e-25	8.581587e-25
2.060185185185185e-07	0.0	277.9161	277.9161	1.2386048e-05	0.3405733	0.00064511347	8.915447e-24	8.915447e-24
2.060185185185185e-07	0.0	279.90958	279.90958	1.2250965e-05	0.34338212	4.4424684e-08	7.942306e-24	7.942306e-24
2.060185185185185e-07	0.0	280.6723	280.6723	1.2243106e-05	0.34446618	0.0	1.13018185e-23	1.13018185e-23
1.0300925925925925e-07	0.0	270.55017	270.55017	1.2235357e-05	0.40242836	3.5374537e-22	1.22856085e-23	1.22856085e-23
1.0300925925925925e-07	0.0	271.8061	271.8061	1.2394012e-05	0.40426654	0.47537062	9.003349e-24	9.003349e-24
9.25925925925926e-08	0.0	270.92737	270.92737	1.22200445e-05	0.4258107	2.4462577e-23	9.378574e-24	9.378574e-24
1.0300925925925925e-07	0.0	274.29187	274.29187	1.2212428e-05	0.37373543	1.973995e-22	9.860816e-24	9.860816e-24
1.0300925925925925e-07	0.0	274.0406	274.0406	1.2204926e-05	0.37169254	2.1370754e-22	1.3085539e-23	1.3085539e-23
1.0300925925925925e-07	0.0	275.0733	275.0733	1.220029e-05	0.3518169	0.63695055	1.3215448e-23	1.3215448e-23
1.0300925925925925e-07	0.0	277.50287	277.50287	1.2192287e-05	0.33278272	0.0	2.2248211e-23	2.2248211e-23
2.060185185185185e-07	0.0	277.00638	277.00638	1.2182408e-05	0.35510334	8.9953626e-23	2.6006919e-23	2.6006919e-23
1.0300925925925925e-07	0.0	278.24628	278.24628	1.2174597e-05	0.36518586	3.677566e-23	3.0846058e-23	3.0846058e-23
2.060185185185185e-07	0.0	287.10355	287.10355	1.216639e-05	0.29592505	0.0	2.7789853e-23	2.7789853e-23
2.060185185185185e-07	0.0	282.92978	282.92978	1.2157795e-05	0.27645653	1.8023208e-23	2.942324e-23	2.942324e-23
2.060185185185185e-07	0.0	279.31055	279.31055	1.2148862e-05	0.30371845	4.845186e-23	2.7439097e-23	2.7439097e-23
2.060185185185185e-07	0.0	284.06967	284.06967	1.2139651e-05	0.2589268	4.6168795e-22	2.2343209e-23	2.2343209e-23
3.090277777777778e-07	0.0	282.60724	282.60724	1.2130157e-05	0.2534198	0.0	4.3486475e-23	4.3486475e-23
6.180555555555556e-07	0.0	282.92206	282.92206	1.2120412e-05	0.2616226	0.0	4.7311355e-23	4.7311355e-23
1.855324074074074e-06	0.0	283.10474	283.10474	1.2110435e-05	0.24808297	0.0	3.9382366e-23	3.9382366e-23
1.340277777777778e-06	0.00018227083	279.06424	279.06424	7.460675e-05	0.30998418	0.0	3.0648773e-23	3.0648773e-23
5.150462962962963e-07	2.884654e-06	274.40063	274.40063	1.7011283e-05	0.28248394	0.0	2.7668965e-23	2.7668965e-23
5.150462962962963e-07	9.8421665e-08	272.4561	272.4561	1.6990727e-05	0.2839542	1.8653705	1.4108252e-23	1.4108252e-23
3.090277777777778e-07	0.0	273.6556	273.6556	2.3303563e-05	0.29223922	2.316557	1.3822984e-23	1.3822984e-23
4.12037037037037e-07	0.0	274.2334	274.2334	1.2072432e-05	0.31293747	0.00010691012	5.0055096e-23	5.0055096e-23
4.12037037037037e-07	0.0	274.94498	274.94498	1.2046454e-05	0.2879299	3.5306658e-22	5.3120063e-23	5.3120063e-23
4.12037037037037e-07	0.0	280.52896	280.52896	1.2035198e-05	0.25769442	0.0	4.91928e-23	4.91928e-23
3.090277777777778e-07	0.0	278.93762	278.93762	1.202378e-05	0.26497445	4.2962914e-23	4.0914198e-23	4.0914198e-23
4.12037037037037e-07	0.0	280.89017	280.89017	1.2012227e-05	0.25104147	1.7589445e-23	3.8130914e-23	3.8130914e-23
3.090277777777778e-07	0.0	283.58026	283.58026	1.2000528e-05	0.2235647	0.0	4.4757705e-23	4.4757705e-23
3.090277777777778e-07	0.0	279.7925	279.7925	1.1988687e-05	0.23098166	9.891921e-24	3.0604755e-23	3.0604755e-23
2.060185185185185e-07	0.0	284.86023	284.86023	1.1976711e-05	0.21875104	0.0	5.225181e-23	5.225181e-23
3.090277777777778e-07	8.8125e-06	286.47153	286.47153	1.2771427e-05	0.21828341	0.0	3.4496181e-09	3.4496181e-09
3.090277777777778e-07	0.0	286.73853	286.73853	1.1952358e-05	0.20511676	0.0	1.6960453e-07	1.6960453e-07
2.060185185185185e-07	0.0	288.40887	288.40887	1.1939987e-05	0.19136468	0.0	2.5669692e-07	2.5669692e-07
4.12037037037037e-07	0.0	283.09198	283.09198	1.192749e-05	0.19696005	0.0	2.6614478e-07	2.6614478e-07
4.12037037037037e-07	0.0	283.47137	283.47137	1.1914867e-05	0.18753453	2.2693002e-13	2.2831188e-07	2.2831188e-07
3.090277777777778e-07	0.0	287.1498	287.1498	1.19021215e-05	0.1785685	0.0	2.6266318e-07	2.6266318e-07
5.150462962962963e-07	3.23125e-05	288.95746	288.95746	2.2508939e-05	0.2224063	0.0	1.6485984e-07	1.6485984e-07
4.12037037037037e-07	5.8749997e-06	280.37103	280.37103	1.3767147e-05	0.22260673	0.0	2.3625643e-07	2.3625643e-07
6.180555555555556e-07	0.0	278.7994	278.7994	1.1863161e-05	0.20903628	2.8079446e-13	2.2723697e-07	2.2723697e-07
4.567013888888889e-05	4.114583e-05	280.81598	280.81598	2.5310925e-05	0.21236846	0.0	2.1924964e-07	2.1924964e-07
4.113425925925926e-05	0.00046735417	277.71478	277.71478	0.00016540663	0.36368248	0.0	5.4499353e-08	5.4499353e-08
3.917476851851852e-05	9.618851e-06	277.58768	277.58768	1.5680791e-05	0.27816644	0.0	2.6007538e-07	2.6007538e-07
4.855671296296297e-05	0.00013516666	276.0915	276.0915	5.6539022e-05	0.28414235	2.8640603e-12	5.165003e-08	5.165003e-08
4.53587962962963e-06	0.0001791875	280.2616	280.2616	7.1198825e-05	0.31905416	0.0	9.549503e-08	9.549503e-08
4.072222222222222e-05	1.7625e-05	283.37173	283.37173	1.7630216e-05	0.28968143	0.0	2.7720557e-07	2.7720557e-07
6.134027777777778e-05	0.0	284.37592	284.37592	1.1766416e-05	0.24740998	0.0	3.6334671e-07	3.6334671e-07
7.536111111111111e-05	0.0003498125	288.72635	288.72635	7.439024e-05	0.33699492	0.0	1.8728237e-07	1.8728237e-07
6.546412037037036e-05	0.00012929167	280.1172	280.1172	2.3473798e-05	0.33753487	0.0	1.562689e-07	1.562689e-07
3.412384259259259e-05	0.0	278.88208	278.88208	1.1724559e-05	0.2606721	0.0	4.6677707e-07	4.6677707e-07
2.5258101851851854e-05	0.0	280.82474	280.82474	1.17099935e-05	0.23487957	3.2892105e-13	5.0296376e-07	5.0296376e-07
1.7731481481481482e-05	0.0	284.8341	284.8341	1.1695884e-05	0.20298588	0.0	5.0725674e-07	5.0725674e-07
1.1134259259259259e-05	0.0	284.55536	284.55536	1.1681548e-05	0.18407373	0.0	3.9230673e-07	3.9230673e-07
7.0104166666666665e-06	0.0	288.01746	288.01746	1.1667029e-05	0.16275659	0.0	3.5808264e-07	3.5808264e-07
1.0825231481481482e-05	0.0	287.50516	287.50516	1.1652358e-05	0.15318145	0.0	5.792577e-07	5.792577e-07
2.2165509259259263e-05	0.00024977082	286.90817	286.90817	3.4172666e-05	0.28908908	0.0	2.1436894e-07	2.1436894e-07
1.4020833333333333e-05	5.8749997e-06	288.62668	288.62668	1.2152533e-05	0.28068405	0.0	5.078068e-07	5.078068e-07
9.89699074074074e-06	0.0	290.69345	290.69345	1.160754e-05	0.22499327	0.0	4.0279863e-07	4.0279863e-07
7.319444444444445e-06	2.9374999e-06	289.7352	289.7352	1.1842193e-05	0.20113909	0.0	4.8044257e-07	4.8044257e-07
4.4328703703703705e-06	4.4083332e-05	287.98795	287.98795	1.5528762e-05	0.23425281	0.0	3.7172492e-07	3.7172492e-07
3.6087962962962966e-06	0.0	281.80832	281.80832	1.1561728e-05	0.22105396	0.0	7.20862e-07	7.20862e-07
1.9583333333333334e-06	0.0	280.9367	280.9367	1.1546236e-05	0.19533019	0.0	7.302801e-07	7.302801e-07
9.282407407407407e-07	0.0	283.02737	283.02737	1.153064e-05	0.17782736	6.071671e-15	6.99895e-07	6.99895e-07
4.53587962962963e-06	2.9374999e-06	289.3976	289.3976	1.1762118e-05	0.16197133	0.0	8.2658863e-07	8.2658863e-07
6.495370370370371e-06	0.000141125	288.92926	288.92926	2.4144127e-05	0.28102675	0.0	2.7272475e-07	2.7272475e-07
4.4328703703703705e-06	8.8125e-06	289.3693	289.3693	1.2254203e-05	0.2523843	0.0	4.3349846e-07	4.3349846e-07
3.670138888888889e-05	0.0	288.46854	288.46854	1.14672575e-05	0.2209583	0.0	7.504829e-07	7.504829e-07
4.113425925925926e-05	0.00031752084	285.83725	285.83725	3.977276e-05	0.2548975	0.0	5.5148365e-07	5.5148365e-07
3.2886574074074075e-05	0.00019989583	290.0451	290.0451	2.9248007e-05	0.3271037	0.0	6.4296006e-07	6.4296006e-07
2.8041666666666666e-05	2.9374999e-06	290.24673	290.24673	1.167963e-05	0.28331536	0.0	9.0329223e-07	9.0329223e-07
1.5258101851851853e-05	2.9374999e-06	289.92554	289.92554	1.1646277e-05	0.23667173	0.0	7.55436e-07	7.55436e-07
9.89699074074074e-06	0.0	291.52722	291.52722	1.13865935e-05	0.2097539	0.0	1.0132915e-06	1.0132915e-06
3.6087962962962966e-06	0.0	289.64267	289.64267	1.1370526e-05	0.18591367	0.0	7.211769e-07	7.211769e-07
2.9895833333333334e-06	0.0	291.79385	291.79385	1.1354521e-05	0.15734378	0.0	7.1744864e-07	7.1744864e-07
1.443287037037037e-06	0.0	291.25806	291.25806	1.1338616e-05	0.13532561	0.0	8.1222305e-07	8.1222305e-07
1.1342592592592592e-06	2.64375e-05	290.31497	290.31497	1.3639022e-05	0.13942476	0.0	8.11267e-07	8.11267e-07
5.150462962962963e-07	0.0	287.08148	287.08148	1.1307272e-05	0.19302237	0.0	1.2307914e-06	1.2307914e-06
2.060185185185185e-07	0.0	285.4046	285.4046	1.1291917e-05	0.16698565	0.0	1.0561096e-06	1.0561096e-06
2.060185185185185e-07	0.0	288.5438	288.5438	1.127683e-05	0.15656239	0.0	9.101492e-07	9.101492e-07
9.25925925925926e-08	0.0	288.49274	288.49274	1.1262058e-05	0.13375902	0.0	1.1507174e-06	1.1507174e-06
1.0300925925925925e-07	0.0	286.7434	286.7434	1.1247647e-05	0.12198001	0.0	1.1918107e-06	1.1918107e-06
1.0300925925925925e-07	4.0520834e-05	291.59772	291.59772	1.4792129e-05	0.18018356	0.0	9.0009354e-07	9.0009354e-07
6.13425925925926e-08	0.0	290.5825	290.5825	1.1220111e-05	0.18307446	0.0	9.180656e-07	9.180656e-07
6.13425925925926e-08	6.48125e-05	289.71887	289.71887	1.6876376e-05	0.22292684	0.0	1.0478731e-06	1.0478731e-06
6.13425925925926e-08	0.0	290.59616	290.59616	1.1194665e-05	0.20212653	0.0	9.664204e-07	9.664204e-07
1.0300925925925925e-07	4.6458335e-06	289.52118	289.52118	1.15600515e-05	0.17673609	0.0	1.0311871e-06	1.0311871e-06
6.13425925925926e-08	0.0001446875	291.33862	291.33862	2.3822344e-05	0.2760562	0.0	9.2209496e-07	9.2209496e-07
5.208333333333333e-08	5.8125e-06	290.78775	290.78775	1.166042e-05	0.23121516	0.0	8.7094253e-07	8.7094253e-07
3.090277777777778e-07	0.0	292.19772	292.19772	1.115209e-05	0.18141526	0.0	8.507253e-07	8.507253e-07
4.12037037037037e-07	8.68125e-05	292.3093	292.3093	1.8722852e-05	0.2576241	0.0	1.1922092e-06	1.1922092e-06
1.0300925925925925e-07	0.0	292.64996	292.64996	1.1136136e-05	0.20488444	0.0	1.2092044e-06	1.2092044e-06
1.0300925925925925e-07	0.0	290.08298	290.08298	1.1129779e-05	0.18063486	0.0	1.4137306e-06	1.4137306e-06
4.166666666666667e-08	0.0	289.7874	289.7874	1.1124562e-05	0.16505326	0.0	1.3862186e-06	1.3862186e-06
0.0	0.0	291.40332	291.40332	1.1120541e-05	0.15182881	0.0	1.3873371e-06	1.3873371e-06
0.0	0.0	293.94345	293.94345	1.1117762e-05	0.13765034	0.0	1.3618668e-06	1.3618668e-06
6.180555555555556e-07	0.0	292.08084	292.08084	1.1116259e-05	0.122966126	0.0	1.1114936e-06	1.1114936e-06
5.8761574074074075e-06	0.00013889583	295.00757	295.00757	2.3238274e-05	0.11939127	0.0	9.936214e-07	9.936214e-07
3.814814814814815e-06	0.00015627083	290.2582	290.2582	2.4776566e-05	0.30285478	0.0	1.4383261e-06	1.4383261e-06
2.474537037037037e-06	0.0	287.76257	287.76257	1.1119428e-05	0.22667393	0.0	1.4558112e-06	1.4558112e-06
1.03125e-06	0.0	286.62164	286.62164	1.1123081e-05	0.20386928	0.0	1.3583996e-06	1.3583996e-06
4.12037037037037e-07	0.0	290.68896	290.68896	1.1127943e-05	0.19464085	0.0	1.2994811e-06	1.2994811e-06
1.0300925925925925e-07	0.0	292.54843	292.54843	1.1133965e-05	0.16218376	0.0	9.830197e-07	9.830197e-07
1.0300925925925925e-07	0.0	293.91617	293.91617	1.1141082e-05	0.1350823	0.0	1.3349213e-06	1.3349213e-06
6.13425925925926e-08	0.0001134375	296.11105	296.11105	2.1055683e-05	0.21581167	0.0	1.000037e-06	1.000037e-06
6.13425925925926e-08	1.6229167e-05	295.5552	295.5552	1.2541937e-05	0.23864122	0.0	1.3008328e-06	1.3008328e-06
6.13425925925926e-08	0.0	294.41473	294.41473	1.1168168e-05	0.20147693	0.0	1.5913752e-06	1.5913752e-06
1.0300925925925925e-07	0.0	292.9591	292.9591	1.1178873e-05	0.18478434	0.0	1.349658e-06	1.349658e-06
8.252314814814815e-07	0.00010535417	294.60965	294.60965	2.0362768e-05	0.25054035	0.0	1.0829117e-06	1.0829117e-06
1.855324074074074e-06	8.683334e-05	295.2042	295.2042	1.882887e-05	0.2888173	0.0	1.0354829e-06	1.0354829e-06
4.12037037037037e-07	0.0	294.8452	294.8452	1.1214512e-05	0.21186598	0.0	1.3839312e-06	1.3839312e-06
4.166666666666667e-08	0.0	293.9811	293.9811	1.1227295e-05	0.17586718	0.0	1.299109e-06	1.299109e-06
1.0416666666666667e-08	0.0	293.37015	293.37015	1.1240363e-05	0.15061334	0.0	1.8389231e-06	1.8389231e-06
0.0	0.0	290.42502	290.42502	1.1253635e-05	0.14366937	0.0	1.4753857e-06	1.4753857e-06
0.0	0.0	291.3773	291.3773	1.1267034e-05	0.12801005	0.0	1.266545e-06	1.266545e-06
0.0	0.0	295.3085	295.3085	1.1280487e-05	0.11103507	0.0	9.3050545e-07	9.3050545e-07
0.0	0.000164625	294.5654	294.5654	2.5820658e-05	0.27194408	0.0	1.574306e-06	1.574306e-06
0.0	0.0	293.9445	293.9445	1.1307246e-05	0.2172006	0.0	1.3027119e-06	1.3027119e-06
0.0	0.0	295.8767	295.8767	1.13205e-05	0.18206477	0.0	8.305421e-07	8.305421e-07
0.0	0.0	295.95105	295.95105	1.133357e-05	0.14330567	0.0	9.580564e-07	9.580564e-07
0.0	2.6458334e-05	296.69196	296.69196	1.3680339e-05	0.17895705	0.0	1.4227392e-06	1.4227392e-06
0.0	0.0	292.84558	292.84558	1.1358998e-05	0.17461768	0.0	1.419316e-06	1.419316e-06
0.0	0.0	293.1795	293.1795	1.1371287e-05	0.15758154	0.0	1.2255063e-06	1.2255063e-06
0.0	0.0	292.2525	292.2525	1.1383254e-05	0.1241153	0.0	1.5561174e-06	1.5561174e-06
0.0	0.0	291.18558	291.18558	1.1394876e-05	0.10931654	0.0	1.0295688e-06	1.0295688e-06
0.0	8.8125e-06	291.71948	291.71948	1.2164157e-05	0.11218299	0.0	1.5693895e-06	1.5693895e-06
0.0	0.0	289.15082	289.15082	1.1417009e-05	0.10596319	0.0	1.6198941e-06	1.6198941e-06
0.0	0.0	287.69153	287.69153	1.1427491e-05	0.11271425	0.0	1.6035996e-06	1.6035996e-06
0.0	0.0	288.01932	288.01932	1.1437568e-05	0.10145865	0.0	1.323168e-06	1.323168e-06
0.0	2.9374999e-06	290.5167	290.5167	1.1683772e-05	0.10350505	0.0	9.2468275e-07	9.2468275e-07
0.0	0.0	293.06818	293.06818	1.1456483e-05	0.12578261	0.0	1.1705249e-06	1.1705249e-06
0.0	0.00021458333	292.77896	292.77896	3.0616287e-05	0.2994321	0.0	1.0768808e-06	1.0768808e-06
0.0	0.0	291.89325	291.89325	1.1473659e-05	0.23500954	0.0	1.3274664e-06	1.3274664e-06
0.0	0.0	291.0612	291.0612	1.1481668e-05	0.20109916	0.0	1.1121898e-06	1.1121898e-06
0.0	0.0	290.87476	290.87476	1.1489248e-05	0.17366005	0.0	9.559955e-07	9.559955e-07
0.0	4.9979168e-05	292.60214	292.60214	1.5926373e-05	0.17889914	0.0	7.133258e-07	7.133258e-07
0.0	0.0	296.4032	296.4032	1.1503153e-05	0.21169338	0.0	7.906751e-07	7.906751e-07
0.0	0.0	297.4201	297.4201	1.1509488e-05	0.1669961	0.0	6.3534117e-07	6.3534117e-07
0.0	2.3520834e-05	296.57492	296.57492	1.3599654e-05	0.13399565	0.0	6.9502835e-07	6.9502835e-07
0.0	8.23125e-05	295.21088	295.21088	1.8902965e-05	0.2624257	0.0	1.1844069e-06	1.1844069e-06
0.0	0.0	289.4221	289.4221	1.1526069e-05	0.20566572	0.0	1.3718218e-06	1.3718218e-06
0.0	0.00017045833	286.67062	286.67062	2.6766118e-05	0.22751273	0.0	1.0603951e-06	1.0603951e-06
0.0	0.00013222916	286.094	286.094	2.3384397e-05	0.33231017	0.0	4.0021916e-07	4.0021916e-07
0.0	0.0	287.246	287.246	1.1539182e-05	0.25365433	0.0	1.1579424e-06	1.1579424e-06
0.0	0.0	287.92908	287.92908	1.154285e-05	0.22503999	0.0	1.0167272e-06	1.0167272e-06
0.0	8.8166664e-05	292.45374	292.45374	1.9425734e-05	0.24851081	0.0	6.1005153e-07	6.1005153e-07
0.0	0.0001204375	286.7279	286.7279	2.2332468e-05	0.3154734	0.0	3.3874358e-07	3.3874358e-07
0.0	8.8125e-06	283.548	283.548	1.2335343e-05	0.27018112	0.0	4.5595465e-07	4.5595465e-07
0.0	0.0	286.95953	286.95953	1.155397e-05	0.23427281	0.0	9.253893e-07	9.253893e-07
0.0	0.0	285.38193	285.38193	1.1555922e-05	0.21087168	0.0	8.4675236e-07	8.4675236e-07
0.0	0.0	287.11697	287.11697	1.1557554e-05	0.1992991	0.0	7.851788e-07	7.851788e-07
0.0	0.0	292.24887	292.24887	1.1558872e-05	0.19452463	0.0	7.1506616e-07	7.1506616e-07
0.0	0.0	292.94046	292.94046	1.1559883e-05	0.19069321	0.0	7.6113287e-07	7.6113287e-07
0.0	0.0	293.3713	293.3713	1.1560595e-05	0.18899852	0.0	6.5312696e-07	6.5312696e-07
0.0	2.9374999e-06	294.64804	294.64804	1.1803504e-05	0.1836375	0.0	6.249583e-07	6.249583e-07
0.0	0.0	294.13632	294.13632	1.156115e-05	0.1711057	0.0	5.8109237e-07	5.8109237e-07
0.0	0.00010583333	292.72028	292.72028	2.1054097e-05	0.24050848	0.0	4.6375604e-07	4.6375604e-07
0.0	0.0	294.4957	294.4957	1.1560543e-05	0.21944506	0.0	5.9658527e-07	5.9658527e-07
0.0	0.00032043748	294.22397	294.22397	4.0337105e-05	0.22961818	0.0	4.931261e-07	4.931261e-07
2.092824074074074e-05	9.1145834e-05	296.50977	296.50977	1.9715842e-05	0.31271473	0.0	4.945947e-07	4.945947e-07
5.6288194444444446e-05	0.00052916666	295.1737	295.1737	5.910189e-05	0.35866287	0.0	3.708432e-07	3.708432e-07
2.6185185185185187e-05	0.0	290.85968	290.85968	1.1555997e-05	0.27511173	0.0	5.6504916e-07	5.6504916e-07
1.4947916666666666e-05	0.0	288.07492	288.07492	1.15544e-05	0.23528321	0.0	7.049564e-07	7.049564e-07
7.0104166666666665e-06	2.9374999e-06	285.74118	285.74118	1.1794614e-05	0.2196198	0.0	6.209989e-07	6.209989e-07
3.2986111111111115e-06	0.0	283.13483	283.13483	1.1550398e-05	0.21353479	0.0	4.90372e-07	4.90372e-07
2.0613425925925927e-06	0.0	283.61783	283.61783	1.1548031e-05	0.20918223	0.0	5.4928466e-07	5.4928466e-07
1.03125e-06	0.0	284.77338	284.77338	1.1545433e-05	0.1995818	0.0	6.2093613e-07	6.2093613e-07
5.150462962962963e-07	0.0	287.76434	287.76434	1.1542615e-05	0.18311965	0.0	5.072145e-07	5.072145e-07
3.090277777777778e-07	0.0	290.38516	290.38516	1.1539583e-05	0.17835963	0.0	4.382593e-07	4.382593e-07
2.060185185185185e-07	0.0	293.6131	293.6131	1.1536347e-05	0.17719103	0.0	4.7059035e-07	4.7059035e-07
6.180555555555556e-07	1.1749999e-05	294.6526	294.6526	1.2566765e-05	0.18937238	0.0	4.3352145e-07	4.3352145e-07
1.1342592592592592e-06	0.00012052083	293.52283	293.52283	2.2331453e-05	0.283399	0.0	4.191186e-07	4.191186e-07
1.2372685185185186e-06	1.1749999e-05	286.2989	286.2989	1.2561356e-05	0.2485405	0.0	4.6096977e-07	4.6096977e-07
6.180555555555556e-07	0.0	284.9692	284.9692	1.1521658e-05	0.21793547	0.0	5.219636e-07	5.219636e-07
2.060185185185185e-07	0.0	287.0795	287.0795	1.1517751e-05	0.19816336	0.0	4.896876e-07	4.896876e-07
5.208333333333333e-08	0.0	290.65103	290.65103	1.1513849e-05	0.18565835	0.0	4.010556e-07	4.010556e-07
4.12037037037037e-07	0.0	288.29337	288.29337	1.1510038e-05	0.18001904	0.0	4.2962932e-07	4.2962932e-07
8.252314814814815e-07	0.000147	282.6919	282.6919	2.4658953e-05	0.2804382	0.0	8.983352e-08	8.983352e-08
9.282407407407407e-07	2.9374999e-06	286.76608	286.76608	1.1753767e-05	0.25172526	0.0	1.4286763e-07	1.4286763e-07
8.252314814814815e-07	2.9374999e-06	289.29855	289.29855	1.1747115e-05	0.23640575	0.0	1.862377e-07	1.862377e-07
5.150462962962963e-07	0.0	288.93506	288.93506	1.1497777e-05	0.22158144	0.0	3.2540038e-07	3.2540038e-07
3.090277777777778e-07	2.9374999e-06	290.61038	290.61038	1.1740887e-05	0.21114828	0.0	2.5530926e-07	2.5530926e-07
1.0300925925925925e-07	0.0	288.59903	288.59903	1.1495103e-05	0.20399646	0.0	4.1797543e-07	4.1797543e-07
1.0300925925925925e-07	0.0	279.84973	279.84973	1.1495006e-05	0.19572195	0.0	3.5146138e-07	3.5146138e-07
6.13425925925926e-08	0.0	279.48767	279.48767	1.1745297e-05	0.19671634	0.02170581	3.6592786e-07	3.6592786e-07
5.208333333333333e-08	0.0	281.86856	281.86856	1.1497736e-05	0.19038756	0.0	3.5096514e-07	3.5096514e-07
2.0833333333333335e-08	0.0	279.58713	279.58713	1.1754345e-05	0.19321093	0.057758898	3.2761247e-07	3.2761247e-07
1.0416666666666667e-08	0.0	281.19543	281.19543	1.1504734e-05	0.18990609	0.0	3.3370728e-07	3.3370728e-07
0.0	8.8125e-06	279.42328	279.42328	1.2282649e-05	0.18971021	0.0	3.0319652e-07	3.0319652e-07
0.0	0.0	282.63507	282.63507	1.1516169e-05	0.2049271	0.0	1.4044736e-07	1.4044736e-07
0.0	0.0	283.968	283.968	1.1523513e-05	0.19855516	0.0	2.5114463e-07	2.5114463e-07
1.0300925925925925e-07	0.000114625	277.27875	277.27875	2.2039525e-05	0.23548192	0.059628453	2.4556357e-07	2.4556357e-07
8.217592592592593e-08	8.8125e-06	281.4268	281.4268	1.2332125e-05	0.27429742	0.0	6.799198e-08	6.799198e-08
1.0300925925925925e-07	0.0	281.99225	281.99225	1.1551416e-05	0.234022	0.0	1.9523044e-07	1.9523044e-07
8.217592592592593e-08	0.0	283.48254	283.48254	1.1562462e-05	0.21881902	0.0	2.7228575e-07	2.7228575e-07
8.217592592592593e-08	0.0	288.44455	288.44455	1.157422e-05	0.20255798	0.0	1.8408491e-07	1.8408491e-07
9.25925925925926e-08	4.99375e-05	284.40396	284.40396	1.6076154e-05	0.24280328	0.0	7.8349395e-08	7.8349395e-08
2.060185185185185e-07	0.0	279.16373	279.16373	1.1599492e-05	0.2302078	0.0	1.5426971e-07	1.5426971e-07
3.090277777777778e-07	0.0	279.1888	279.1888	1.1612814e-05	0.21813433	3.6480883e-12	2.6038794e-07	2.6038794e-07
3.125e-08	1.1749999e-05	278.6306	278.6306	1.2670811e-05	0.21660708	0.0	1.3274614e-07	1.3274614e-07
2.0833333333333335e-08	0.0	275.50177	275.50177	1.164036e-05	0.2216947	6.114542e-12	9.9335516e-08	9.9335516e-08
2.0833333333333335e-08	0.0	274.08252	274.08252	1.19085325e-05	0.23618463	0.079225294	1.2942043e-07	1.2942043e-07
1.0416666666666667e-08	0.0	275.7916	275.7916	1.1757925e-05	0.24800867	0.08289918	1.6045244e-07	1.6045244e-07
1.0416666666666667e-08	0.0	282.8096	282.8096	1.1682656e-05	0.21099429	0.0	1.9226538e-07	1.9226538e-07
1.0416666666666667e-08	1.5499723e-05	279.20496	279.20496	1.3273786e-05	0.20931315	0.0	1.542097e-07	1.542097e-07
1.0416666666666667e-08	0.0	278.24564	278.24564	1.1710647e-05	0.22555572	0.0	7.334747e-23	7.334747e-23
1.0300925925925925e-07	0.0	276.173	276.173	1.1986448e-05	0.23360841	0.0750849	6.7033834e-23	6.7033834e-23
2.1655092592592595e-06	0.00026452082	278.26984	278.26984	3.5783396e-05	0.32477054	0.0	5.474841e-23	5.474841e-23
1.5462962962962964e-06	2.9374999e-06	281.3316	281.3316	1.2010525e-05	0.27899796	0.0	5.1355476e-23	5.1355476e-23
1.7523148148148149e-06	0.0	276.26105	276.26105	1.1764108e-05	0.25539652	0.0	6.138807e-23	6.138807e-23
9.282407407407407e-07	0.0	274.06027	274.06027	1.2038019e-05	0.2688136	0.13225463	5.628546e-23	5.628546e-23
5.8761574074074075e-06	4.7041667e-05	279.91043	279.91043	1.6065656e-05	0.2481636	0.0	5.1043074e-23	5.1043074e-23
1.2268518518518519e-05	0.00019073626	278.1154	278.1154	3.0768133e-05	0.34612104	0.00047201698	3.7442945e-23	3.7442945e-23
2.0206018518518522e-05	3.7821763e-05	277.02478	277.02478	1.7243889e-05	0.30712894	0.0873787	2.8998906e-23	2.8998906e-23
1.3504629629629631e-05	0.0	277.49536	277.49536	1.1826732e-05	0.25579223	0.0	3.083436e-23	3.083436e-23
8.041666666666666e-06	2.3499999e-05	279.03845	279.03845	1.397588e-05	0.24739346	0.0	3.9806038e-23	3.9806038e-23
5.773148148148148e-06	1.46875e-05	279.8939	279.8939	1.3188357e-05	0.2634063	0.0	5.2249798e-23	5.2249798e-23
4.020833333333333e-06	0.0	277.3918	277.3918	1.1854259e-05	0.24367736	0.0	5.2144094e-23	5.2144094e-23
4.020833333333333e-06	0.0	280.80576	280.80576	1.1863659e-05	0.22777057	0.0	4.6893347e-23	4.6893347e-23
8.144675925925926e-06	5.8749997e-06	282.55984	282.55984	1.2409812e-05	0.2282234	0.0	4.8408023e-23	4.8408023e-23
1.5258101851851853e-05	0.00015870834	284.44205	284.44205	2.643981e-05	0.30358744	0.0	4.110022e-23	4.110022e-23
1.0928240740740742e-05	1.5161912e-05	275.40295	275.40295	1.3500851e-05	0.27467605	0.0	3.7256007e-23	3.7256007e-23
9.587962962962963e-06	0.0	275.0436	275.0436	1.1897592e-05	0.246258	0.0	3.8273736e-23	3.8273736e-23
4.4328703703703705e-06	0.0	275.40988	275.40988	1.1904258e-05	0.26920852	4.822904e-23	3.5498457e-23	3.5498457e-23
4.638888888888889e-06	0.0	277.9857	277.9857	1.191114e-05	0.23172246	2.4758946e-22	3.41296e-23	3.41296e-23
3.5046296296296298e-06	0.0	278.2592	278.2592	1.1917621e-05	0.2192781	0.0	4.3076163e-23	4.3076163e-23
2.886574074074074e-06	0.0	277.7275	277.7275	1.192371e-05	0.21699867	0.0	5.6178243e-23	5.6178243e-23
2.7835648148148147e-06	3.2518135e-05	276.07828	276.07828	1.51602e-05	0.2508174	0.0	4.4825143e-23	4.4825143e-23
1.6493055555555557e-06	0.0	273.60062	273.60062	1.193833e-05	0.23255853	5.5661903e-06	5.875487e-23	5.875487e-23
2.0613425925925927e-06	0.0	273.3689	273.3689	1.1939742e-05	0.27650946	1.8440281e-21	6.857822e-23	6.857822e-23
3.917824074074074e-06	0.0	274.9079	274.9079	1.1944388e-05	0.26520666	3.5827563e-07	4.4562213e-23	4.4562213e-23
1.3814814814814814e-05	0.0001793125	278.8092	278.8092	2.8478997e-05	0.30016646	0.0	3.8791935e-23	3.8791935e-23
5.030902777777778e-05	0.00014985417	281.21713	281.21713	2.576327e-05	0.32942596	0.0	2.2868951e-23	2.2868951e-23
7.824768518518519e-05	0.00038797915	282.10883	282.10883	4.771348e-05	0.37721774	0.0	2.2276701e-23	2.2276701e-23
4.597916666666667e-05	0.0	271.06445	271.06445	1.2234926e-05	0.3134962	1.3970382	2.4080205e-23	2.4080205e-23
2.7525462962962964e-05	0.0	267.22086	267.22086	1.1963169e-05	0.3765078	3.441999	0.0	0.0
2.2989583333333334e-05	0.0	264.70975	264.70975	1.1966292e-05	0.41504136	3.4074657	1.1687456e-23	1.1687456e-23
1.3092592592592594e-05	0.0	262.87964	262.87964	1.1969257e-05	0.41443348	3.9982712	1.9331877e-23	1.9331877e-23
6.701388888888889e-06	0.0	271.59396	271.59396	1.1972102e-05	0.4082202	6.0776243	0.0	0.0
9.793981481481482e-06	0.0	271.48557	271.48557	1.1974868e-05	0.40237898	6.3887	5.2918387e-24	5.2918387e-24
6.1851851851851856e-06	0.0	273.34796	273.34796	1.2007205e-05	0.39628622	6.4345756	3.5787776e-23	3.5787776e-23
4.329861111111111e-06	0.0	269.07748	269.07748	1.1989449e-05	0.39884076	6.3958116	3.9691723e-23	3.9691723e-23
2.5775462962962965e-06	0.0	262.92108	262.92108	1.1983135e-05	0.39882255	6.3451347	6.3614355e-24	6.3614355e-24
2.5775462962962965e-06	0.0	265.55582	265.55582	1.1986069e-05	0.39202434	6.3012033	3.2923962e-24	3.2923962e-24
1.443287037037037e-06	0.0	264.04156	264.04156	1.1989227e-05	0.387203	6.2663045	4.26755e-24	4.26755e-24
1.1342592592592592e-06	0.0	267.2289	267.2289	1.1992719e-05	0.3839014	6.235413	1.14213996e-23	1.14213996e-23
1.6493055555555557e-06	3.2873573e-05	273.49188	273.49188	1.3663166e-05	0.39725605	10.022498	4.22349e-24	4.22349e-24
1.1342592592592592e-06	2.2616634e-07	273.2102	273.2102	1.351814e-05	0.4726974	15.438595	0.0	0.0
1.340277777777778e-06	0.0	268.6349	268.6349	1.2006631e-05	0.5123534	14.8691025	0.0	0.0
8.252314814814815e-07	0.0	269.53592	269.53592	1.2012942e-05	0.5183546	14.827026	0.0	0.0
1.340277777777778e-06	0.0	273.84897	273.84897	1.298457e-05	0.5231859	14.687098	0.0	0.0
1.2372685185185186e-06	0.0	272.84662	272.84662	1.2919273e-05	0.58551276	13.258628	0.0	0.0
8.252314814814815e-07	0.0	271.5215	271.5215	1.2038922e-05	0.5941109	13.084043	0.0	0.0
1.1342592592592592e-06	0.0	273.11267	273.11267	1.2394231e-05	0.59433097	13.010717	0.0	0.0
3.2986111111111115e-06	2.9374999e-06	271.7374	271.7374	1.2652697e-05	0.6094918	12.665422	0.0	0.0
7.0104166666666665e-06	0.00017363114	274.5631	274.5631	3.21688e-05	0.86320204	12.471203	0.0	0.0
8.659722222222222e-06	1.13078684e-07	272.6889	272.6889	1.2138161e-05	0.9605755	10.721946	0.0	0.0
9.587962962962963e-06	9.253107e-07	272.97644	272.97644	1.212891e-05	0.9608196	11.24218	0.0	0.0
8.350694444444445e-06	5.0142876e-06	273.44846	273.44846	1.2680605e-05	0.9584436	15.661577	0.0	0.0
8.556712962962962e-06	0.0	271.59662	271.59662	1.2183218e-05	0.92932206	17.234413	0.0	0.0
5.361111111111112e-06	0.0	268.4658	268.4658	1.2164561e-05	0.896657	17.945452	0.0	0.0
5.8761574074074075e-06	1.6097263e-06	271.5314	271.5314	1.2188848e-05	0.8979371	27.487041	0.0	0.0
3.6087962962962966e-06	0.0	266.5272	266.5272	1.2204701e-05	0.8999908	32.08212	0.0	0.0
2.474537037037037e-06	0.0	261.24518	261.24518	1.2225035e-05	0.9072652	32.365112	0.0	0.0
2.474537037037037e-06	0.0	259.079	259.079	1.2244817e-05	0.91909206	32.35909	0.0	0.0
1.2372685185185186e-06	0.0	266.97723	266.97723	1.2264253e-05	0.9228286	32.265438	0.0	0.0
1.03125e-06	0.0	267.45282	267.45282	1.2283404e-05	0.92213964	32.199203	0.0	0.0
1.03125e-06	0.0	268.86404	268.86404	1.23022855e-05	0.9213714	32.122723	0.0	0.0
1.1342592592592592e-06	0.0	273.0751	273.0751	1.2320884e-05	0.9211118	32.084442	0.0	0.0
9.282407407407407e-07	0.0	265.56787	265.56787	1.23391765e-05	0.92047614	32.187443	0.0	0.0
6.180555555555556e-07	0.0	262.68625	262.68625	1.235713e-05	0.9201496	32.099762	0.0	0.0
6.180555555555556e-07	0.0	267.02667	267.02667	1.2374709e-05	0.9196595	33.716537	0.0	0.0
4.12037037037037e-07	0.0	259.48788	259.48788	1.23918735e-05	0.91882056	35.208538	0.0	0.0
3.090277777777778e-07	0.0	258.3514	258.3514	1.2408587e-05	0.9177012	35.09604	0.0	0.0
4.12037037037037e-07	0.0	263.2064	263.2064	1.2424817e-05	0.9168787	34.974854	0.0	0.0
4.12037037037037e-07	0.0	262.12662	262.12662	1.244053e-05	0.91593415	34.80758	0.0	0.0
