
***** GLOBAL STATISTICS (     1 MPI TASKS) *****

$Id: gptl.c,v 1.157 2011-03-28 20:55:18 rosinski Exp $
'count' is cumulative. All other stats are max/min
'on' indicates whether the timer was active during output, and so stats are lower or upper bounds.

name                          on  processes  threads        count      walltotal   wallmax (proc   thrd  )   wallmin (proc   thrd  )
"CPL:INIT"                     -          1        1 1.000000e+00   4.937412e+00     4.937 (     0      0)     4.937 (     0      0)
"CPL:cime_pre_init1"           -          1        1 1.000000e+00   9.271172e-02     0.093 (     0      0)     0.093 (     0      0)
"CPL:mpi_init"                 -          1        1 1.000000e+00   2.000000e-04     0.000 (     0      0)     0.000 (     0      0)
"CPL:ESMF_Initialize"          -          1        1 1.000000e+00   1.500005e-02     0.015 (     0      0)     0.015 (     0      0)
"CPL:cime_pre_init2"           -          1        1 1.000000e+00   1.369476e-02     0.014 (     0      0)     0.014 (     0      0)
"CPL:cime_init"                -          1        1 1.000000e+00   4.815988e+00     4.816 (     0      0)     4.816 (     0      0)
"CPL:init_comps"               -          1        1 1.000000e+00   4.814699e+00     4.815 (     0      0)     4.815 (     0      0)
"CPL:comp_init_pre_all"        -          1        1 1.000000e+00   6.115623e-05     0.000 (     0      0)     0.000 (     0      0)
"CPL:comp_init_cc_atm"         -          1        1 1.000000e+00   3.746274e+00     3.746 (     0      0)     3.746 (     0      0)
"CPL:comp_init_cc_lnd"         -          1        1 1.000000e+00   1.067696e+00     1.068 (     0      0)     1.068 (     0      0)
"CPL:comp_init_cc_rof"         -          1        1 1.000000e+00   3.822800e-05     0.000 (     0      0)     0.000 (     0      0)
"CPL:comp_init_cc_ocn"         -          1        1 1.000000e+00   1.932075e-05     0.000 (     0      0)     0.000 (     0      0)
"CPL:comp_init_cc_ice"         -          1        1 1.000000e+00   1.419988e-05     0.000 (     0      0)     0.000 (     0      0)
"CPL:comp_init_cc_glc"         -          1        1 1.000000e+00   1.015188e-05     0.000 (     0      0)     0.000 (     0      0)
"CPL:comp_init_cc_wav"         -          1        1 1.000000e+00   1.043407e-05     0.000 (     0      0)     0.000 (     0      0)
"CPL:comp_init_cc_esp"         -          1        1 1.000000e+00   1.137424e-05     0.000 (     0      0)     0.000 (     0      0)
"comp_init_cc_iac"             -          1        1 1.000000e+00   1.012487e-05     0.000 (     0      0)     0.000 (     0      0)
"CPL:comp_init_cx_all"         -          1        1 1.000000e+00   4.789503e-04     0.000 (     0      0)     0.000 (     0      0)
"CPL:comp_list_all"            -          1        1 1.000000e+00   1.763180e-05     0.000 (     0      0)     0.000 (     0      0)
"CPL:init_maps"                -          1        1 1.000000e+00   3.235810e-04     0.000 (     0      0)     0.000 (     0      0)
"CPL:init_aream"               -          1        1 1.000000e+00   1.645461e-05     0.000 (     0      0)     0.000 (     0      0)
"CPL:init_domain_check"        -          1        1 1.000000e+00   1.806556e-04     0.000 (     0      0)     0.000 (     0      0)
"CPL:init_areacor"             -          1        1 1.000000e+00   1.473166e-04     0.000 (     0      0)     0.000 (     0      0)
"CPL:init_fracs"               -          1        1 1.000000e+00   1.837350e-04     0.000 (     0      0)     0.000 (     0      0)
"CPL:init_readrestart"         -          1        1 1.000000e+00   6.039487e-05     0.000 (     0      0)     0.000 (     0      0)
"CPL:cime_run_init"            -          1        1 1.000000e+00   3.131262e-02     0.031 (     0      0)     0.031 (     0      0)
"CPL:INIT_sync1_tprf"          -          1        1 1.000000e+00   1.029111e-06     0.000 (     0      0)     0.000 (     0      0)
"CPL:INIT_t_prf"               -          1        1 1.000000e+00   3.753853e-03     0.004 (     0      0)     0.004 (     0      0)
"CPL:INIT_sync2_tprf"          -          1        1 1.000000e+00   7.068738e-07     0.000 (     0      0)     0.000 (     0      0)
"CPL:RUN_LOOP_BSTART"          -          1        1 1.000000e+00   2.407469e-07     0.000 (     0      0)     0.000 (     0      0)
"CPL:RUN_LOOP"                 -          1        1 1.226400e+05   2.528498e+02   252.850 (     0      0)   252.850 (     0      0)
"CPL:CLOCK_ADVANCE"            -          1        1 1.226400e+05   1.642187e+01    16.422 (     0      0)    16.422 (     0      0)
"CPL:RUN"                      -          1        1 8.610360e+05   3.162181e+00     3.162 (     0      0)     3.162 (     0      0)
"CPL:LNDPREP"                  -          1        1 1.226400e+05   2.042908e+00     2.043 (     0      0)     2.043 (     0      0)
"CPL:lndprep_atm2lnd"          -          1        1 1.226400e+05   1.538449e+00     1.538 (     0      0)     1.538 (     0      0)
"CPL:lndprep_mrgx2l"           -          1        1 1.226400e+05   2.916868e-01     0.292 (     0      0)     0.292 (     0      0)
"CPL:COMM"                     -          1        1 3.679200e+05   1.035117e+01    10.351 (     0      0)    10.351 (     0      0)
"CPL:C2L"                      -          1        1 1.226400e+05   3.809321e+00     3.809 (     0      0)     3.809 (     0      0)
"CPL:c2l_lndx2lndl"            -          1        1 1.226400e+05   3.364395e+00     3.364 (     0      0)     3.364 (     0      0)
"CPL:c2l_infoexch"             -          1        1 1.226400e+05   2.912628e-01     0.291 (     0      0)     0.291 (     0      0)
"CPL:LND_RUN"                  -          1        1 1.226400e+05   1.755614e+02   175.561 (     0      0)   175.561 (     0      0)
"l:lc_lnd_import"              -          1        1 1.226400e+05   2.441437e-01     0.244 (     0      0)     0.244 (     0      0)
"l:clm_run"                    -          1        1 1.226410e+05   1.615819e+02   161.582 (     0      0)   161.582 (     0      0)
"l:shr_orb_decl"               -          1        1 1.226410e+05   1.834137e-01     0.183 (     0      0)     0.183 (     0      0)
"l:decomp_vert"                -          1        1 1.226410e+05   1.262278e-01     0.126 (     0      0)     0.126 (     0      0)
"l:begcnbal_grc"               -          1        1 1.226410e+05   1.121311e-02     0.011 (     0      0)     0.011 (     0      0)
"l:begwbal"                    -          1        1 2.452820e+05   1.202758e+00     1.203 (     0      0)     1.203 (     0      0)
"l:dyn_subgrid"                -          1        1 1.226410e+05   3.230557e+00     3.231 (     0      0)     3.231 (     0      0)
"l:begcnbal_col"               -          1        1 1.226410e+05   7.608491e-03     0.008 (     0      0)     0.008 (     0      0)
"l:urbantvdyn_strd_adv_total"  -          1        1 1.226410e+05   9.828589e+00     9.829 (     0      0)     9.829 (     0      0)
"l:drvinit"                    -          1        1 1.226410e+05   2.145262e+00     2.145 (     0      0)     2.145 (     0      0)
"l:hydro1"                     -          1        1 1.226410e+05   1.562090e+00     1.562 (     0      0)     1.562 (     0      0)
"l:surfrad"                    -          1        1 1.226410e+05   1.159270e+00     1.159 (     0      0)     1.159 (     0      0)
"l:bgp1"                       -          1        1 1.226410e+05   9.244333e-01     0.924 (     0      0)     0.924 (     0      0)
"l:bgp_fluxes"                 -          1        1 1.226410e+05   2.333249e+01    23.332 (     0      0)    23.332 (     0      0)
"l:bgc"                        -          1        1 1.226410e+05   2.854795e+00     2.855 (     0      0)     2.855 (     0      0)
"l:lakeTemp"                   -          1        1 1.226410e+05   1.172192e+00     1.172 (     0      0)     1.172 (     0      0)
"l:soiltemperature"            -          1        1 1.226410e+05   9.646716e+00     9.647 (     0      0)     9.647 (     0      0)
"l:bgp2"                       -          1        1 1.226410e+05   8.086428e-01     0.809 (     0      0)     0.809 (     0      0)
"l:patch2col"                  -          1        1 1.226410e+05   1.237938e-01     0.124 (     0      0)     0.124 (     0      0)
"l:hydro_without_drainage"     -          1        1 1.226410e+05   4.401147e+01    44.011 (     0      0)    44.011 (     0      0)
"l:hylake"                     -          1        1 1.226410e+05   2.166281e+00     2.166 (     0      0)     2.166 (     0      0)
"l:snow_init"                  -          1        1 1.226410e+05   2.087165e-01     0.209 (     0      0)     0.209 (     0      0)
"l:depvel"                     -          1        1 1.226410e+05   2.995027e-02     0.030 (     0      0)     0.030 (     0      0)
"l:hydro2_drainage"            -          1        1 1.226410e+05   1.542612e+00     1.543 (     0      0)     1.543 (     0      0)
"l:lnd2atm"                    -          1        1 1.226410e+05   2.097557e+00     2.098 (     0      0)     2.098 (     0      0)
"l:lnd2glc"                    -          1        1 1.226410e+05   1.387853e-01     0.139 (     0      0)     0.139 (     0      0)
"l:balchk"                     -          1        1 1.226410e+05   1.634000e+00     1.634 (     0      0)     1.634 (     0      0)
"l:hbuf"                       -          1        1 1.226410e+05   3.175472e+01    31.755 (     0      0)    31.755 (     0      0)
"l:clm_drv_io"                 -          1        1 1.226410e+05   1.005133e+01    10.051 (     0      0)    10.051 (     0      0)
"l:lc_lnd_export"              -          1        1 1.226410e+05   2.160784e-01     0.216 (     0      0)     0.216 (     0      0)
"l:lc_clm2_adv_timestep"       -          1        1 1.226410e+05   7.314374e-02     0.073 (     0      0)     0.073 (     0      0)
"l:accum"                      -          1        1 1.226400e+05   2.076767e+00     2.077 (     0      0)     2.077 (     0      0)
"l:check_fields"               -          1        1 1.226400e+05   1.360046e-01     0.136 (     0      0)     0.136 (     0      0)
"CPL:L2C"                      -          1        1 1.226400e+05   4.188415e+00     4.188 (     0      0)     4.188 (     0      0)
"CPL:l2c_lndl2lndx"            -          1        1 1.226400e+05   3.755009e+00     3.755 (     0      0)     3.755 (     0      0)
"lnd2cpl_run"                  -          1        1 1.226400e+05   2.424653e-01     0.242 (     0      0)     0.242 (     0      0)
"CPL:LNDPOST"                  -          1        1 1.226400e+05   2.649639e-02     0.026 (     0      0)     0.026 (     0      0)
"CPL:FRACSET"                  -          1        1 1.226400e+05   2.648220e-01     0.265 (     0      0)     0.265 (     0      0)
"CPL:fracset_fracset"          -          1        1 1.226400e+05   1.810190e-01     0.181 (     0      0)     0.181 (     0      0)
"CPL:ATM_RUN"                  -          1        1 1.226400e+05   4.607310e+01    46.073 (     0      0)    46.073 (     0      0)
"a:DATM_RUN"                   -          1        1 1.226400e+05   4.154787e+01    41.548 (     0      0)    41.548 (     0      0)
"a:datm_run1"                  -          1        1 1.226400e+05   1.265684e+00     1.266 (     0      0)     1.266 (     0      0)
"a:datm"                       -          1        1 1.226400e+05   3.765783e+01    37.658 (     0      0)    37.658 (     0      0)
"a:datm_run2"                  -          1        1 1.226400e+05   2.410832e+00     2.411 (     0      0)     2.411 (     0      0)
"a:check_fields"               -          1        1 1.226400e+05   1.158000e-01     0.116 (     0      0)     0.116 (     0      0)
"CPL:A2C"                      -          1        1 1.226400e+05   2.183508e+00     2.184 (     0      0)     2.184 (     0      0)
"CPL:a2c_atma2atmx"            -          1        1 1.226400e+05   1.638019e+00     1.638 (     0      0)     1.638 (     0      0)
"CPL:a2c_infoexch"             -          1        1 1.226400e+05   3.259349e-01     0.326 (     0      0)     0.326 (     0      0)
"CPL:ATMPOST"                  -          1        1 1.226400e+05   2.457849e-02     0.025 (     0      0)     0.025 (     0      0)
"CPL:HISTORY"                  -          1        1 2.452800e+05   7.021839e-02     0.070 (     0      0)     0.070 (     0      0)
"CPL:TSTAMP_WRITE"             -          1        1 1.226400e+05   3.907272e-01     0.391 (     0      0)     0.391 (     0      0)
"CPL:TPROF_WRITE"              -          1        1 1.226400e+05   1.779855e-02     0.018 (     0      0)     0.018 (     0      0)
"l:interpMonthlyVeg"           -          1        1 1.226390e+05   1.760446e+00     1.760 (     0      0)     1.760 (     0      0)
"l:SatellitePhenology"         -          1        1 1.226390e+05   8.126495e-02     0.081 (     0      0)     0.081 (     0      0)
"l:surfalb"                    -          1        1 1.226390e+05   3.051907e+00     3.052 (     0      0)     3.052 (     0      0)
"CPL:RUN_LOOP_sync1_tprf"      -          1        1 1.000000e+00   1.417939e-06     0.000 (     0      0)     0.000 (     0      0)
"CPL:RUN_LOOP_t_prf"           -          1        1 1.000000e+00   5.477108e-03     0.005 (     0      0)     0.005 (     0      0)
"CPL:RUN_LOOP_sync2_tprf"      -          1        1 1.000000e+00   1.035165e-06     0.000 (     0      0)     0.000 (     0      0)
"CPL:BARRIERALARM"             -          1        1 2.555000e+03   3.517606e-03     0.004 (     0      0)     0.004 (     0      0)
"CPL:RESTART"                  -          1        1 1.000000e+00   1.343345e-02     0.013 (     0      0)     0.013 (     0      0)
"CPL:RUN_LOOP_BSTOP"           -          1        1 1.000000e+00   1.988374e-07     0.000 (     0      0)     0.000 (     0      0)
"CPL:FINAL"                    -          1        1 1.000000e+00   4.487610e-04     0.000 (     0      0)     0.000 (     0      0)
"CPL:cime_final"               -          1        1 1.000000e+00   4.477110e-04     0.000 (     0      0)     0.000 (     0      0)
"a_f:DATM_FINAL"               -          1        1 1.000000e+00   2.193823e-05     0.000 (     0      0)     0.000 (     0      0)
"CPL:FINAL_sync1_tprf"         -          1        1 1.000000e+00   7.310882e-07     0.000 (     0      0)     0.000 (     0      0)
"CPL:FINAL_t_prf"              y          0        0 0.000000e+00   0.000000e+00     0.000 (     0      0)     0.000 (     0      0)

